YHRCDELTA16,YHR217C,0.16271165674458424
YHRCDELTA16,YIL177C,0.6143322841125812
YHRCDELTA16,YIL175W,0.4520401560621281
YHRCDELTA16,YHL050C,0.11041850136882721
YHRCDELTA16,YHL048W,0.5423421169662228
YHRCDELTA16,YHLCOMEGA1,-0.047596360565727656
YHRCDELTA16,YHL045W,0.050100607365352004
YHRCDELTA16,YHLCSIGMA1,0.903575105643951
YHRCDELTA16,YHLWTAU1,0.8302389089498295
YHRCDELTA16,YHLCDELTA1,0.8531873292148365
YHRCDELTA16,YHLWDELTA2,0.702808822321509
YHRCDELTA16,YHRCDELTA3,0.7094327405637321
YHRCDELTA16,YHRCDELTA4,0.1858979168956637
YHRCDELTA16,YHRCDELTA5,0.7551858735746723
YHRCDELTA16,YHRCDELTA6,0.7235091290459023
YHRCDELTA16,YHRWDELTA7,0.8162114116450296
YHRCDELTA16,YGRWDELTA22,0.7655648224527971
YHRCDELTA16,YGRWDELTA23,0.6893980339033557
YHRCDELTA16,YGRWDELTA24,0.6128850179415009
YHRCDELTA16,YGRCDELTA25,0.5210578294668867
YHRCDELTA16,YGRWDELTA26,-0.008788785622049785
YHRCDELTA16,YGRWTY2-2,0.8259244711721386
YHRCDELTA16,YGRWDELTA28,0.7405409691232648
YHRCDELTA16,YGRCTY1-3,0.6487048189481931
YHRCDELTA16,YGRCDELTA30,0.7625481729337302
YHRCDELTA16,YGRWSIGMA7,0.43837187154654783
YHRCDELTA16,YGRWDELTA31,0.6591601953802372
YHRCDELTA16,YGRCTAU3,0.5297678783145995
YHRCDELTA16,YGRWDELTA32,0.6516515958385423
YHRCDELTA16,YGR295C,0.3851249684463077
YHRCDELTA16,YGRCDELTA15,0.7999269640908487
YHRCDELTA16,YGRCTY1-2,0.7929208232092992
YHRCDELTA16,YGRCDELTA16,0.7832095790510089
YHRCDELTA16,YGRCDELTA17,0.755157102707007
YHRCDELTA16,YGRCTY2-1,0.6570402216943819
YHRCDELTA16,TL(GAG)G,0.3634583087583758
YHRCDELTA16,YGRWDELTA19,0.6836141322138048
YHRCDELTA16,YGRWTY3-1,0.835892842933362
YHRCDELTA16,YGRCDELTA20,0.7900292890266967
YHRCDELTA16,YGRWDELTA21,0.22439353218782873
YHRCDELTA16,YGRWSIGMA6,0.9115297709494293
YHRCDELTA16,YGLCDELTA5,0.5568832101661868
YHRCDELTA16,YGLCSIGMA1,0.5542265896478045
YHRCDELTA16,YGLCTAU3,0.6940463560836617
YHRCDELTA16,YGLWDELTA6,0.6317272352957937
YHRCDELTA16,YGLWSIGMA2,0.8984043222329605
YHRCDELTA16,YGLWDELTA7,0.9097585426248064
YHRCDELTA16,YGLWDELTA8,0.8129071547660368
YHRCDELTA16,YGLWDELTA9,0.8063330746824082
YHRCDELTA16,YGLCSIGMA3,0.7588460721713771
YHRCDELTA16,YGLWDELTA10,0.31764292344939754
YHRCDELTA16,YGRCDELTA12,0.5855579489662485
YHRCDELTA16,YGRWTY1-1,0.6943995712010531
YHRCDELTA16,NC_001138,0.7838514036328198
YHRCDELTA16,YFLWTY2-1,0.8744410845960081
YHRCDELTA16,YFLWDELTA4,0.8452179447136845
YHRCDELTA16,YFLWDELTA5,0.6949034458132064
YHRCDELTA16,YFLWTAU1,0.7154272883342857
YHRCDELTA16,YFLCDELTA6,0.295378542059852
YHRCDELTA16,YFRWDELTA7,0.4536273812304666
YHRCDELTA16,YFRCDELTA8,0.7612007524044808
YHRCDELTA16,YFRCDELTA9,0.042229815067625055
YHRCDELTA16,YFRWDELTA10,0.5441197858664352
YHRCDELTA16,YGLWOMEGA1,0.015242308390821998
YHRCDELTA16,YGL260W,0.42630861433484635
YHRCDELTA16,YGLWTAU1,0.7180158250015087
YHRCDELTA16,YGLCDELTA1,0.7299712319700258
YHRCDELTA16,YGLWDELTA2,0.5573257209642839
YHRCDELTA16,YGLWDELTA3,0.31077710993246005
YHRCDELTA16,YGLWTAU2,0.3951417675111885
YHRCDELTA16,YGLWDELTA4,0.6103885078747149
YHRCDELTA16,YERWDELTA18,0.24934618957559654
YHRCDELTA16,YERWDELTA22,0.7297936265387626
YHRCDELTA16,YERCSIGMA4,0.47368035322899177
YHRCDELTA16,YERCDELTA23,0.6009322077266838
YHRCDELTA16,YERCDELTA24,0.563748884082663
YHRCDELTA16,YERWDELTA25,0.2079362044935423
YHRCDELTA16,YERCDELTA26,0.20353667858125638
YHRCDELTA16,YERCOMEGA1,0.37805010553659624
YHRCDELTA16,YERWOMEGA2,0.7070481972246373
YHRCDELTA16,YER188c-a,0.5510235248229792
YHRCDELTA16,YFL063W,0.5310899473194144
YHRCDELTA16,YFL062W,0.5451222823347851
YHRCDELTA16,YFLWDELTA1,0.7097838013334885
YHRCDELTA16,YFLWDELTA2,0.863551538331515
YHRCDELTA16,YFLWDELTA3,0.8775069254691186
YHRCDELTA16,YERWDELTA11,0.6786768078254505
YHRCDELTA16,YERWDELTA12,0.13279419199443107
YHRCDELTA16,YERWDELTA13,0.2928830671085212
YHRCDELTA16,YERCTAU2,0.6130279865862938
YHRCDELTA16,YERCSIGMA2,0.39888979155661286
YHRCDELTA16,YERCDELTA14,0.868683729056417
YHRCDELTA16,YERCSIGMA3,0.8383405482898492
YHRCDELTA16,YERCDELTA15,0.6464563280303315
YHRCDELTA16,YERCDELTA16,0.8110176847966297
YHRCDELTA16,YERCTAU3,0.6135731141103744
YHRCDELTA16,YERWDELTA17,0.4670558366160455
YHRCDELTA16,YERCDELTA19,0.7947893318671193
YHRCDELTA16,YERCTY1-1,0.7628431811064421
YHRCDELTA16,YERWDELTA21,0.26970609689352
YHRCDELTA16,YDR543C,0.5954014404512968
YHRCDELTA16,YDR544C,0.1347381923534099
YHRCDELTA16,TG(GCC)E,0.0775544469527359
YHRCDELTA16,YELWDELTA2,0.8044567315313413
YHRCDELTA16,YELWDELTA1,0.32367030837974503
YHRCDELTA16,TS(AGA)E,0.528798974002713
YHRCDELTA16,YELCDELTA3,0.057971877005913296
YHRCDELTA16,YELCTAU1,0.597527555421562
YHRCDELTA16,TQ(UUG)E2,0.5220930027150439
YHRCDELTA16,YELCDELTA4,0.8555474173560631
YHRCDELTA16,YELWDELTA5,0.5202337167980591
YHRCDELTA16,YELWDELTA6,0.7709374481018454
YHRCDELTA16,TR(UCU)E,0.06553775629500329
YHRCDELTA16,YERWDELTA7,0.4055118572382499
YHRCDELTA16,TE(UUC)E1,0.08825698725481014
YHRCDELTA16,TH(GUG)E1,0.19608107631471214
YHRCDELTA16,YERCDELTA8,0.38320679853490325
YHRCDELTA16,YERWDELTA9,0.4638983468880646
YHRCDELTA16,YERCSIGMA1,0.7155214143380727
YHRCDELTA16,TQ(UUG)E1,0.3852763775581676
YHRCDELTA16,YERCDELTA10,0.37435353626269674
YHRCDELTA16,TS(UGA)E,0.34252872743222174
YHRCDELTA16,YDRCDELTA22,0.7984663473032303
YHRCDELTA16,YDRWSIGMA4,0.34138024922709015
YHRCDELTA16,TG(GCC)D2,-0.0054418633760132526
YHRCDELTA16,TE(CUC)D,0.2131704469346325
YHRCDELTA16,YDRWSIGMA5,0.6884624002938603
YHRCDELTA16,TV(CAC)D,0.4385596807614413
YHRCDELTA16,YDRWDELTA23,0.6828992401494401
YHRCDELTA16,YDRWTY1-4,0.6467358894614191
YHRCDELTA16,YDRWDELTA24,0.6871870650369044
YHRCDELTA16,YDRWDELTA25,0.6779937953340057
YHRCDELTA16,YDRCSIGMA6,0.3092121018442868
YHRCDELTA16,YDRWDELTA26,0.5729341957491852
YHRCDELTA16,YDRWDELTA27,0.6034791669020367
YHRCDELTA16,YDRWTY1-5,0.6111731477066735
YHRCDELTA16,YDRWDELTA28,0.709640828011493
YHRCDELTA16,TG(CCC)D,0.3168168016842802
YHRCDELTA16,TS(AGA)D3,0.5590767566964437
YHRCDELTA16,YDRWDELTA29,0.8849661648596908
YHRCDELTA16,YDRWDELTA30,0.44569167549227395
YHRCDELTA16,YDRWDELTA31,0.5671964180028727
YHRCDELTA16,YDR542W,0.5928302596290173
YHRCDELTA16,YDRWDELTA10,0.662215881065296
YHRCDELTA16,TQ(UUG)D3,0.44670463759391177
YHRCDELTA16,YDRWDELTA11,0.6557648231122386
YHRCDELTA16,YDRWDELTA13,0.7121758822851811
YHRCDELTA16,YDRWTY2-2,0.7177390916403192
YHRCDELTA16,YDRWDELTA14,0.8402766901666684
YHRCDELTA16,YDRCTY1-2,0.7922632175855484
YHRCDELTA16,YDRWDELTA12,0.7479554353706259
YHRCDELTA16,YDRCSIGMA3,0.8379749138215563
YHRCDELTA16,TS(AGA)D2,0.5649973062609647
YHRCDELTA16,YDRWDELTA19,0.8285449953642916
YHRCDELTA16,YDRWTY2-3,0.7239787714332425
YHRCDELTA16,YDRWDELTA20,0.7792475631209794
YHRCDELTA16,YDRCDELTA21,0.7137136768427397
YHRCDELTA16,YDRCTY1-3,0.6576213242391261
YHRCDELTA16,YDRCDELTA2,0.6896685187200254
YHRCDELTA16,YDRCDELTA3,0.729921390028669
YHRCDELTA16,YDRCDELTA4,0.8185986967637369
YHRCDELTA16,YDRCTY2-1,0.6342624602484909
YHRCDELTA16,YDRCDELTA5,0.8284473830481806
YHRCDELTA16,YDRCDELTA6A,0.352016954366187
YHRCDELTA16,YDRWDELTA7,0.7773584864520287
YHRCDELTA16,TQ(UUG)D1,0.4968325063214567
YHRCDELTA16,TR(UCU)D,0.1608937125159319
YHRCDELTA16,TR(ACG)D,0.32552646260654555
YHRCDELTA16,TQ(UUG)D2,0.576054310895192
YHRCDELTA16,YDRCDELTA7,0.8126603830468877
YHRCDELTA16,YDRCTY1-1,0.6824277228134434
YHRCDELTA16,YDRCDELTA8,0.748432698867466
YHRCDELTA16,YDRCSIGMA1,0.6892715739897746
YHRCDELTA16,YDRCDELTA9,0.33163913910410847
YHRCDELTA16,YDRCSIGMA2,0.5055944764524556
YHRCDELTA16,TP(AGG)C,0.1891545549021559
YHRCDELTA16,YCRCDELTA6,0.7965606915039198
YHRCDELTA16,YCR007C,0.4695188515902463
YHRCDELTA16,TN(GUU)C,0.3552441769962329
YHRCDELTA16,TG(GCC)C,0.01632291814902123
YHRCDELTA16,YCRCDELTA7,0.6749477876709387
YHRCDELTA16,YCRWDELTA8,0.615591694197038
YHRCDELTA16,YCRWDELTA9,-0.0884743160360444
YHRCDELTA16,YCRCtau1,0.051655773960602135
YHRCDELTA16,YCRWDELTA10,0.7036565421856902
YHRCDELTA16,TQ(UUG)C,0.34306869029688647
YHRCDELTA16,YCRWDELTA11,0.3547840364650724
YHRCDELTA16,YCRWDELTA12,0.27985007854919747
YHRCDELTA16,YCRWOMEGA3,0.09041387586065731
YHRCDELTA16,YCRWDELTA13,0.5913226800883071
YHRCDELTA16,YCRCDELTA14,0.19167194352378622
YHRCDELTA16,YDL248W,0.5121194645666818
YHRCDELTA16,TG(GCC)D1,0.0005154192175196934
YHRCDELTA16,TA(AGC)D,0.4833416501721312
YHRCDELTA16,YDLCDELTA1,0.7583228068656075
YHRCDELTA16,YDLWTAU1,0.7733428873884524
YHRCDELTA16,TS(AGA)D1,0.6147737792217055
YHRCDELTA16,YBRWDELTA17,0.4354720880844694
YHRCDELTA16,TQ(UUG)B,0.2848109865699238
YHRCDELTA16,TR(UCU)B,0.0274710578423919
YHRCDELTA16,YBRCDELTA18,0.2410564288481578
YHRCDELTA16,YBRCDELTA19,0.45304861952835235
YHRCDELTA16,TE(UUC)B,-0.03742563975876444
YHRCDELTA16,YBR302C,0.5303038407742383
YHRCDELTA16,YCLWOMEGA1,0.23048876616727074
YHRCDELTA16,YCLWTY5-1,0.01793501157264481
YHRCDELTA16,YCLWOMEGA2,0.0037170797837155034
YHRCDELTA16,TE(UUC)C,0.15942620380883057
YHRCDELTA16,YCLCDELTA1,0.6958272689510079
YHRCDELTA16,YCLWDELTA2A,0.7334264150487076
YHRCDELTA16,YCLWDELTA3,0.8319500920869595
YHRCDELTA16,YCLWdelta2b,0.6303491454087969
YHRCDELTA16,YCLWDELTA4,0.7433908540887639
YHRCDELTA16,YCLWTY2-1,0.750917288959361
YHRCDELTA16,YCLWDELTA5,0.7935873861001511
YHRCDELTA16,YBLWDELTA3,-0.043321992267955245
YHRCDELTA16,YBLWDELTA4,0.8465564856991417
YHRCDELTA16,YBLWTY2-1,0.8774645821616164
YHRCDELTA16,YBLWDELTA5,0.7064794798378332
YHRCDELTA16,YBLWDELTA6,0.4954486197758685
YHRCDELTA16,YBLWTAU1,0.604540454756367
YHRCDELTA16,YBLCDELTA7,0.6510042653386797
YHRCDELTA16,TG(GCC)B,0.0024973287452863505
YHRCDELTA16,YBLCSIGMA1,0.7796054598239198
YHRCDELTA16,YBLWDELTA8,0.5915170429830995
YHRCDELTA16,YBLWDELTA9,0.7948047999670015
YHRCDELTA16,YBLWTY1-1,0.6968758876343334
YHRCDELTA16,YBLWDELTA10,0.8410514135678048
YHRCDELTA16,TS(AGA)B,0.5228326271572743
YHRCDELTA16,YBRCDELTA11,0.44285100439368846
YHRCDELTA16,YBRWDELTA12,0.7672265833906
YHRCDELTA16,YBRWTY1-2,0.6955919383727547
YHRCDELTA16,YBRWDELTA13,0.7560398374131132
YHRCDELTA16,YBRCDELTA14,0.07769286543207446
YHRCDELTA16,TV(UAC)B,0.5211492508326625
YHRCDELTA16,YBRWDELTA15,0.3921072109421689
YHRCDELTA16,YBRWDELTA16,0.3903844595994046
YHRCDELTA16,YPRCTY1-2,0.7548786010769349
YHRCDELTA16,YPRCDELTA19,0.7527208415356695
YHRCDELTA16,YPRWDELTA20,0.7447777458154237
YHRCDELTA16,YPRWTY1-3,0.5853383993903882
YHRCDELTA16,YPRWDELTA21,0.8614010449748838
YHRCDELTA16,YPRCDELTA22,0.6083466869377014
YHRCDELTA16,YPRCDELTA23,0.777903512531184
YHRCDELTA16,YPRCTY1-4,0.5078843078849505
YHRCDELTA16,YPRCDELTA24,0.6878036969081617
YHRCDELTA16,YPRWSIGMA3,0.6800660736645582
YHRCDELTA16,TA(AGC)P,0.105450112815167
YHRCDELTA16,TG(GCC)P2,-0.11919431789402858
YHRCDELTA16,YPRWSIGMA4,0.6638728102484566
YHRCDELTA16,YPRCTAU3,0.5861947599265663
YHRCDELTA16,YPRWTAU4,0.3304905529911439
YHRCDELTA16,YPR204W,0.4629080946781829
YHRCDELTA16,YBL112C,0.27160986108321966
YHRCDELTA16,YBL108W,0.36075151479038586
YHRCDELTA16,YBLWDELTA1,0.4105368851616993
YHRCDELTA16,YBLWDELTA2,0.7868237634680595
YHRCDELTA16,TC(GCA)P1,0.3629165504178606
YHRCDELTA16,YPLWDELTA9,0.4559919048974511
YHRCDELTA16,YPLCDELTA10,0.5766659761155062
YHRCDELTA16,YPLWDELTA11,0.4724337224091616
YHRCDELTA16,YPLCTAU1,0.6486868767123166
YHRCDELTA16,YPLCTY4-1,0.6064069596538435
YHRCDELTA16,YPLCTAU2,0.8128496883761404
YHRCDELTA16,YPRWDELTA12,0.7842929785493518
YHRCDELTA16,YPRCDELTA13,0.6324860838463855
YHRCDELTA16,TG(GCC)P1,0.08107131880841509
YHRCDELTA16,TS(UGA)P,0.4908361359568519
YHRCDELTA16,TT(UGU)P,0.2454790759324711
YHRCDELTA16,YPRWSIGMA2,0.7361275658449362
YHRCDELTA16,YPRWDELTA14,0.3436641018592597
YHRCDELTA16,YPRCDELTA15,0.6334983962328029
YHRCDELTA16,YPRWDELTA16,0.09495154259328477
YHRCDELTA16,YPRWDELTA17,0.7272285437202513
YHRCDELTA16,YPRCDELTA18,0.7780400972461027
YHRCDELTA16,YORCDELTA21,0.8025459099337724
YHRCDELTA16,YORWTAU3,0.8499412822572764
YHRCDELTA16,TA(UGC)O,0.38661252087839865
YHRCDELTA16,YORWSIGMA3,0.7132804544945346
YHRCDELTA16,YORWSIGMA4,0.4915987833086277
YHRCDELTA16,YORWDELTA22,0.6890686286434302
YHRCDELTA16,YORWDELTA23,0.7719311261033449
YHRCDELTA16,YORWTY2-2,0.7895316607611921
YHRCDELTA16,YORWDELTA24,0.831101085412355
YHRCDELTA16,YORCDELTA25,0.7539087722567579
YHRCDELTA16,YPLCDELTA1,0.43665640204270023
YHRCDELTA16,YPLWSIGMA1,0.25486505298468953
YHRCDELTA16,YPLWDELTA3,0.7748690226431022
YHRCDELTA16,YPLWTY1-1,0.40426739719664817
YHRCDELTA16,YPLWDELTA4,0.7645270445202998
YHRCDELTA16,YPLWDELTA5,0.8149417040910102
YHRCDELTA16,YPLWDELTA6,0.3664616393135528
YHRCDELTA16,TE(UUC)P,0.05664256532088164
YHRCDELTA16,YPLWDELTA7,0.3769088276372268
YHRCDELTA16,YPLWDELTA8,0.6705971427462807
YHRCDELTA16,YOLCDELTA8,-0.014306394877334013
YHRCDELTA16,TR(ACG)O,0.3913367205630791
YHRCDELTA16,YOLCDELTA9,-0.045779125511444904
YHRCDELTA16,YOLWSIGMA2,0.1818456715561264
YHRCDELTA16,YOLWDELTA10,0.5146991516434413
YHRCDELTA16,YORCDELTA11,0.43776716163247925
YHRCDELTA16,TG(CCC)O,0.0666448891458987
YHRCDELTA16,YORWDELTA12,0.5394328275318561
YHRCDELTA16,YORWDELTA13,0.7201751676331288
YHRCDELTA16,YORWTY1-2,0.6853145791894683
YHRCDELTA16,YORWDELTA14,0.7880276008244159
YHRCDELTA16,YORCDELTA15,0.48844740489999644
YHRCDELTA16,YORWDELTA16,0.328463696787713
YHRCDELTA16,YORWDELTA17,0.6805410940259158
YHRCDELTA16,YORCDELTA18,0.6045585298652388
YHRCDELTA16,YORWDELTA19,0.12041087005853728
YHRCDELTA16,YORWTAU2,0.6689402113836972
YHRCDELTA16,YORCDELTA20,0.7584469735730925
YHRCDELTA16,YORCTY2-1,0.7504066049245794
YHRCDELTA16,YNRWSIGMA4,0.626033683423761
YHRCDELTA16,YNRCDELTA8,0.6091892767146218
YHRCDELTA16,YNRCDELTA9,0.5863392971789758
YHRCDELTA16,YNR075W,0.48457876983740267
YHRCDELTA16,YNR077C,0.48008772021030655
YHRCDELTA16,YOLCDELTA1,0.2572722895956297
YHRCDELTA16,YOLWTAU1,0.4121951772332304
YHRCDELTA16,YOLCDELTA2,0.465829626824128
YHRCDELTA16,TG(UCC)O,0.379922728078361
YHRCDELTA16,YOLCDELTA3,0.6666797012357933
YHRCDELTA16,YOLWDELTA4,0.9025058312191486
YHRCDELTA16,NC_001147,0.7542784699029703
YHRCDELTA16,YOLWTY1-1,0.5597461052511606
YHRCDELTA16,YOLWDELTA5,0.7361740813518118
YHRCDELTA16,TG(GCC)O1,0.07447987523657698
YHRCDELTA16,YOLWSIGMA1,0.3380362143300395
YHRCDELTA16,YOLWDELTA6,0.4509131725748041
YHRCDELTA16,YOLCDELTA7,0.6023562909955302
YHRCDELTA16,TG(GCC)O2,0.048183929085056205
YHRCDELTA16,YNL339C,0.07855399471745168
YHRCDELTA16,YNL337W,0.4965929355081053
YHRCDELTA16,YNL336W,0.5509057446732453
YHRCDELTA16,TG(UCC)N,0.4571366994859687
YHRCDELTA16,YNLWTAU1,0.7843927029385249
YHRCDELTA16,YNLCDELTA1,0.9115430808856004
YHRCDELTA16,YNLCTY1-1,0.7694423255725104
YHRCDELTA16,YNLCDELTA2,0.8151251954337327
YHRCDELTA16,YNLCSIGMA1,0.4887072234753319
YHRCDELTA16,YNLWDELTA3,0.8268976859219526
YHRCDELTA16,YNLWTY1-2,0.5437918969270654
YHRCDELTA16,YNLWDELTA4,0.7943139122060155
YHRCDELTA16,YNLWSIGMA2,0.5626655221655396
YHRCDELTA16,YNLWSIGMA3,0.7667994874013565
YHRCDELTA16,YNLWTAU2,0.6656550546695869
YHRCDELTA16,YNLCDELTA5,0.6885998172983925
YHRCDELTA16,YNLCTY2-1,0.7452112980763116
YHRCDELTA16,YNLCDELTA6,0.7716565313747943
YHRCDELTA16,TP(AGG)N,0.17391521681371636
YHRCDELTA16,YNRCDELTA7,0.7176487923052951
YHRCDELTA16,YNRCTAU3,0.6119269572856033
YHRCDELTA16,YMRCDELTA9,0.7701356564706842
YHRCDELTA16,YMRCTY1-4,0.6348758690951982
YHRCDELTA16,YMRCDELTA10,0.8242268663602421
YHRCDELTA16,YMRCDELTA11,0.4207878392811947
YHRCDELTA16,YMRWDELTA12,0.41929046254889846
YHRCDELTA16,YMRCDELTA13,0.6686591534023903
YHRCDELTA16,YMRCDELTA14,0.19372737497498183
YHRCDELTA16,YMRWDELTA15,0.23358104327285187
YHRCDELTA16,YMRWDELTA16,0.6490881593007211
YHRCDELTA16,YMRWTAU2,0.7201543833832541
YHRCDELTA16,YMRWDELTA17,0.6686549118760483
YHRCDELTA16,YMRCDELTA18,0.28654668976987846
YHRCDELTA16,TR(UCU)M1,-0.013081163477823133
YHRCDELTA16,TA(AGC)M2,0.3246193956368871
YHRCDELTA16,YMRWDELTA19,0.6691870749364837
YHRCDELTA16,TQ(CUG)M,0.4274828386022994
YHRCDELTA16,YMRCTAU3,0.6797621275275039
YHRCDELTA16,YMRWDELTA20,0.3763396132762585
YHRCDELTA16,YMRWDELTA21,0.592744662465456
YHRCDELTA16,YMR326C,0.40259880544196236
YHRCDELTA16,TR(UCU)M2,0.06660944464965896
YHRCDELTA16,YMLCDELTA1,0.27641070624351816
YHRCDELTA16,YMLCDELTA2,0.6651801548924737
YHRCDELTA16,TG(GCC)M,-0.009483268486497762
YHRCDELTA16,YMLWDELTA3,0.6305243719843998
YHRCDELTA16,YMLWTY1-1,0.5721846335546311
YHRCDELTA16,YMLWDELTA4,0.6311364025657328
YHRCDELTA16,YMLWDELTA5,0.7288368222507602
YHRCDELTA16,NC_001145,0.5558208083663416
YHRCDELTA16,YMLWTY1-2,0.38037740818363464
YHRCDELTA16,YMLWDELTA6,0.8395404657960327
YHRCDELTA16,TS(AGA)M,0.5364000792446433
YHRCDELTA16,YMRCTAU1,0.37976911010557696
YHRCDELTA16,TE(UUC)M,0.10284255069496012
YHRCDELTA16,TA(AGC)M1,0.5556332581385042
YHRCDELTA16,YMRCDELTA7,0.8893348217380629
YHRCDELTA16,YMRCTY1-3,0.7016211100972696
YHRCDELTA16,YMRCDELTA8,0.7902533359881617
YHRCDELTA16,TH(GUG)M,0.14191758965491946
YHRCDELTA16,YLRWTY2-1,0.714114900359086
YHRCDELTA16,YLRWDELTA23,0.6334462014508055
YHRCDELTA16,YLRCDELTA24,0.5078444223922292
YHRCDELTA16,YLRCDELTA25,0.7975057515542677
YHRCDELTA16,YLRCTY2-2,0.864863132174664
YHRCDELTA16,YLRCDELTA26,0.8072254733820172
YHRCDELTA16,YLRCDELTA27,0.5327880725796891
YHRCDELTA16,YLR462W,0.027384950549628216
YHRCDELTA16,YLR463C,0.5953681066649908
YHRCDELTA16,YLR464W,0.0952403011617268
YHRCDELTA16,YLR466W,0.368169930656653
YHRCDELTA16,YLR467W,0.13095792008370138
YHRCDELTA16,YML132W,0.39017508261696826
YHRCDELTA16,YLRWTY1-3,0.5627052165332426
YHRCDELTA16,YLRWDELTA14,0.8053083219897744
YHRCDELTA16,TA(AGC)L,0.3497007648978549
YHRCDELTA16,YLRWSIGMA3,0.6319758137493571
YHRCDELTA16,YLRWDELTA15,0.49557231900217336
YHRCDELTA16,YLRCDELTA16,-0.08459676216469049
YHRCDELTA16,YLRWDELTA17,0.08249518341791219
YHRCDELTA16,YLRCDELTA18,0.6469894692591942
YHRCDELTA16,YLRCDELTA19,0.40455854391620005
YHRCDELTA16,TI(AAU)L1,0.27927985777401926
YHRCDELTA16,TS(GCU)L,0.21063541341715314
YHRCDELTA16,YLRWSIGMA4,0.31108715351342614
YHRCDELTA16,YLRWDELTA20,0.1532745849987307
YHRCDELTA16,TE(UUC)L,-4.247709183527512e-05
YHRCDELTA16,YLRCDELTA21,0.45954852552663134
YHRCDELTA16,TR(CCG)L,0.4055791964257559
YHRCDELTA16,YLRWDELTA22,0.7661809448021643
YHRCDELTA16,RDN25-1,0.31849731036091217
YHRCDELTA16,RDN18-1,0.15026336521068911
YHRCDELTA16,RDN5-1,0.34073234153837034
YHRCDELTA16,RDN5-3,0.31056555158452753
YHRCDELTA16,YLRCDELTA7,0.5130636202281216
YHRCDELTA16,YLRCTY1-1,0.357868582161051
YHRCDELTA16,YLRCDELTA8,0.7845216623480445
YHRCDELTA16,YLRCDELTA9,0.7696866228882854
YHRCDELTA16,YLRWDELTA10,0.809961938756574
YHRCDELTA16,YLRWTY1-2,0.7810192953830749
YHRCDELTA16,YLRWDELTA11,0.7980834882760335
YHRCDELTA16,YLRWDELTA12,0.5647801456439425
YHRCDELTA16,YLRCTAU1,0.2632399558746766
YHRCDELTA16,YLRWDELTA13,0.8524333789603429
YHRCDELTA16,YLL067C,0.35913319638829155
YHRCDELTA16,YLL066C,0.3297250900686352
YHRCDELTA16,YLLCDELTA1,0.7440376146540488
YHRCDELTA16,TS(AGA)L,0.4892870324874207
YHRCDELTA16,YLRCSIGMA1,-0.038318241355844974
YHRCDELTA16,TA(UGC)L,0.3325092778979495
YHRCDELTA16,YLRCDELTA2,0.8296574586871712
YHRCDELTA16,NC_001144,0.5355905947869327
YHRCDELTA16,YLRCDELTA3,0.8087918202195622
YHRCDELTA16,YLRWDELTA4,0.014983986663692548
YHRCDELTA16,YLRCDELTA5,0.5999592951837014
YHRCDELTA16,YLRWSIGMA2,0.7180679750495056
YHRCDELTA16,TR(ACG)L,0.33481786688188847
YHRCDELTA16,TQ(UUG)L,0.5922094345529952
YHRCDELTA16,YLRWDELTA6,0.7538399530379511
YHRCDELTA16,RDN37-1,0.4906120454196666
YHRCDELTA16,YKLCDELTA2,0.5035149450797346
YHRCDELTA16,TE(UUC)K,0.10862300056550102
YHRCDELTA16,TR(UCU)K,0.09511186322760581
YHRCDELTA16,YKLWDELTA3,0.5334776210581801
YHRCDELTA16,YKLCSIGMA1,0.7785930743966843
YHRCDELTA16,YKLCDELTA4,0.5378276588950875
YHRCDELTA16,TA(AGC)K1,0.4010810765930531
YHRCDELTA16,YKLCDELTA5,0.5958023931961011
YHRCDELTA16,TH(GUG)K,0.17001809365045276
YHRCDELTA16,YKLCDELTA6,0.58307106383821
YHRCDELTA16,YKLWDELTA7,0.7201715942677169
YHRCDELTA16,YKRCDELTA8,0.7098835488248629
YHRCDELTA16,YKRCDELTA9,0.05693296825189473
YHRCDELTA16,YKRWDELTA10,-0.10377532368838979
YHRCDELTA16,TR(ACG)K,0.1500416468775014
YHRCDELTA16,YKRCDELTA11,0.27981706703400033
YHRCDELTA16,YKRCDELTA12,0.5164724558864187
YHRCDELTA16,TA(AGC)K2,0.19678996003533653
YHRCDELTA16,YKR106W,0.30367786243070016
YHRCDELTA16,YKRWOMEGA1,-0.16907286075039807
YHRCDELTA16,YJRWTY1-2,0.5282838217234812
YHRCDELTA16,YJRWDELTA13,0.6219010264554364
YHRCDELTA16,TM(CAU)J3,0.2624529817229765
YHRCDELTA16,YJRWDELTA14,-0.06820661013569752
YHRCDELTA16,TS(AGA)J,0.31130129930628586
YHRCDELTA16,YJLWDELTA15,0.28875559653689103
YHRCDELTA16,TG(GCC)J2,-0.10715274068658166
YHRCDELTA16,YJLWDELTA16,0.37075080743057015
YHRCDELTA16,YJRWDELTA17,0.5772975694402432
YHRCDELTA16,TR(CCU)J,0.04400755594032709
YHRCDELTA16,YJRWDELTA18,0.7499682232508095
YHRCDELTA16,YJLWDELTA19,0.30337369630719685
YHRCDELTA16,YJRWDELTA20,0.48080412446892185
YHRCDELTA16,YJR161C,0.6488654607803361
YHRCDELTA16,YJR162C,0.5123412329969851
YHRCDELTA16,YKL225W,0.36685314032946253
YHRCDELTA16,YKL223W,0.4587969029127611
YHRCDELTA16,TT(CGU)K,0.1676780884392544
YHRCDELTA16,YKLWDELTA1,0.18918091437980225
YHRCDELTA16,TN(GUU)K,0.1579042926433257
YHRCDELTA16,YJLCDELTA4,0.7747935535294954
YHRCDELTA16,YJLCDELTA5,0.755599551544377
YHRCDELTA16,TR(UCU)J1,0.23935240355220067
YHRCDELTA16,TR(UCU)J2,0.17400593425966124
YHRCDELTA16,YJLCDELTA6,0.24277697582411017
YHRCDELTA16,YJLCDELTA7,0.48668042678351287
YHRCDELTA16,TV(AAC)J,0.4325911020449433
YHRCDELTA16,TM(CAU)J1,0.38806604667304906
YHRCDELTA16,TG(GCC)J1,0.11762262330315973
YHRCDELTA16,TK(CUU)J,0.26483168666474527
YHRCDELTA16,YJRWTAU3,0.2668942570725359
YHRCDELTA16,YJLWDELTA8,0.6447351759992753
YHRCDELTA16,YJLWDELTA9,0.4287309704679199
YHRCDELTA16,YJLWTAU4,0.4907672411351844
YHRCDELTA16,YJLWDELTA10,0.5709381448720965
YHRCDELTA16,TL(UAA)J,0.39360562852856945
YHRCDELTA16,YJRWDELTA11,0.7955059686402502
YHRCDELTA16,YJRWTY1-1,0.47524242114596454
YHRCDELTA16,YJRWDELTA12,0.8114096207873887
YHRCDELTA16,TE(UUC)J,0.06867330356114057
YHRCDELTA16,TA(AGC)J,0.44565155211336144
YHRCDELTA16,YJLWSIGMA1,0.5705414394734195
YHRCDELTA16,YJLWTAU1,0.7696855909710216
YHRCDELTA16,YJLWTY4-1,0.5272709583972656
YHRCDELTA16,YJLWTAU2,0.5590952858165034
YHRCDELTA16,YJLCDELTA3,0.48584142886362
YHRCDELTA16,YJLWDELTA2,0.44683652135350976
YHRCDELTA16,TD(GUC)J1,0.3411372158172186
YHRCDELTA16,TR(ACG)J,0.25446802139485186
YHRCDELTA16,YAL068C,0.4456791120697135
YHRCDELTA16,YALWDELTA1,-0.05639146660417312
YHRCDELTA16,YALCDELTA2,0.24891677815917215
YHRCDELTA16,YARCDELTA3,-0.07846337662553345
YHRCDELTA16,YARCDELTA4,0.6227677498833526
YHRCDELTA16,YARCTY1-1,0.25780067993327793
YHRCDELTA16,NC_001133,0.6311687311069566
YHRCDELTA16,YARCDELTA5,0.7339627578365524
YHRCDELTA16,TA(UGC)A,0.2738164316536176
YHRCDELTA16,TS(AGA)A,0.5723673344193028
YHRCDELTA16,YARWDELTA6,0.53834486385489
YHRCDELTA16,YARWDELTA7,0.8534413093201426
YHRCDELTA16,YARCDELTA8,0.2369923184675964
YHRCDELTA16,TT(AGU)J,0.3583411440101355
YHRCDELTA16,YJLWDELTA1,0.5276100789602431
YHRCDELTA16,MAL23,0.09885309179321589
YHRCDELTA16,MEL1,-0.07891670517676802
YHRCDELTA16,RTM1,-0.1755703950259504
YHRCDELTA16,STRP,-0.12055882733130246
YHRCDELTA16,SUC4,0.4583077654131545
YHRCDELTA16,YBR006W,0.5930736747978751
YHRCDELTA16,YCL024W,0.1982595543610508
YHRCDELTA16,YKL033W-A,0.6766236043660874
YHRCDELTA16,YKL198C,0.3431575204413014
YHRCDELTA16,YNL180C,0.4190112819488561
YHRCDELTA16,2mic_FLP1,0.4896818531719106
YHRCDELTA16,2mic_REP1,0.6353737049447016
YHRCDELTA16,2mic_D_protein,0.32971657877308924
YHRCDELTA16,2mic_REP2,0.4731016705598583
YHRCDELTA16,NC_001224,0.4139885740565623
YHRCDELTA16,KANMX4,-0.0973487937257351
YHRCDELTA16,Q0085,0.5006778212414696
YHRCDELTA16,Q0115,0.5234736821707403
YHRCDELTA16,Q0120,0.16158290269650746
YHRCDELTA16,Q0130,-0.18722266996871703
YHRCDELTA16,NC_001141,0.6493412699225064
YHRCDELTA16,SNR68,0.5722829936568533
YHRCDELTA16,YIR044C,0.5099118319090131
YHRCDELTA16,YIR020W-B,-0.030346255023737362
YHRCDELTA16,YIL156w-a,0.35117157545400013
YHRCDELTA16,YIL100c-a,0.39446923016972374
YHRCDELTA16,YIL071w-a,0.3419017333745808
YHRCDELTA16,YIL068w-a,0.346260574837409
YHRCDELTA16,YIL066w-a,0.15574533064008622
YHRCDELTA16,YIR017w-a,0.0600578952495984
YHRCDELTA16,YIR020c-a,0.5166264606578049
YHRCDELTA16,YIR023c-a,0.3132111725070329
YHRCDELTA16,YIL162W,0.4048011864794241
YHRCDELTA16,YIL106W,0.4803403646981089
YHRCDELTA16,YIL066C,0.26148089171701977
YHRCDELTA16,YIR020C,0.35782175952690004
YHRCDELTA16,YIR021W,0.28776053600257223
YHRCDELTA16,YIR022W,0.625838758644234
YHRCDELTA16,YIR023W,0.1578878366960372
YHRCDELTA16,YIR024C,0.3867733885468077
YHRCDELTA16,YIR025W,0.12326160537456596
YHRCDELTA16,YIR026C,-0.12976448203999366
YHRCDELTA16,YIR027C,-0.23583437335372567
YHRCDELTA16,YIR028W,-0.2279944627793812
YHRCDELTA16,YIR029W,-0.1932208105771075
YHRCDELTA16,YIR030C,-0.18368823019366096
YHRCDELTA16,YIR031C,-0.15092494426495986
YHRCDELTA16,YIR032C,-0.06521265716461139
YHRCDELTA16,YIR033W,0.5545189591358377
YHRCDELTA16,YIR034C,-0.06951949178309001
YHRCDELTA16,YIR035C,0.4514099649968739
YHRCDELTA16,YIR036C,0.3062199585811703
YHRCDELTA16,YIR037W,0.48075881605600385
YHRCDELTA16,YIR038C,0.2738537957897476
YHRCDELTA16,YIR039C,0.3964511122827464
YHRCDELTA16,YIR041W,0.46132227001323595
YHRCDELTA16,YIR042C,0.25929480078748807
YHRCDELTA16,YIR043C,0.53717593268215
YHRCDELTA16,YIL003W,0.21712994655004805
YHRCDELTA16,YIL002C,0.47487245231382325
YHRCDELTA16,YIL001W,0.6323676220676074
YHRCDELTA16,YIR001C,0.5466439503157549
YHRCDELTA16,YIR002C,0.5706216890578056
YHRCDELTA16,YIR003W,0.3859908683992523
YHRCDELTA16,YIR004W,0.4446027400547789
YHRCDELTA16,YIR005W,0.6678580457095271
YHRCDELTA16,YIR006C,0.49490712297792167
YHRCDELTA16,YIR007W,0.4538508771793041
YHRCDELTA16,YIR008C,0.4771620602273795
YHRCDELTA16,YIR009W,0.3729247407959198
YHRCDELTA16,YIR010W,0.4135071685014054
YHRCDELTA16,YIR011C,0.3030423002414246
YHRCDELTA16,YIR012W,-0.08333058825107899
YHRCDELTA16,YIR013C,0.09728486450593758
YHRCDELTA16,YIR014W,0.32165153800512347
YHRCDELTA16,YIR015W,0.36877247268581137
YHRCDELTA16,YIR016W,0.28482061737364417
YHRCDELTA16,YIR017C,0.2573026665007172
YHRCDELTA16,YIR018W,0.22979189594241747
YHRCDELTA16,YIR019C,0.37939001551868223
YHRCDELTA16,YIL024C,0.6323930986963643
YHRCDELTA16,YIL023C,0.4528217771414581
YHRCDELTA16,YIL022W,0.243437608642453
YHRCDELTA16,YIL021W,0.4104574890700133
YHRCDELTA16,YIL020C,0.088287975311269
YHRCDELTA16,YIL019W,-0.03503970985026762
YHRCDELTA16,YIL017C,0.38947107180936885
YHRCDELTA16,YIL016W,0.5155850959875736
YHRCDELTA16,YIL015W,0.30140503195504875
YHRCDELTA16,YIL015C-A,0.6226389055273843
YHRCDELTA16,YIL014W,0.5016054984429215
YHRCDELTA16,YIL013C,0.4506364988404372
YHRCDELTA16,YIL012W,0.26361459689689687
YHRCDELTA16,YIL011W,0.21331091978204403
YHRCDELTA16,YIL010W,0.2617585741835624
YHRCDELTA16,YIL009C-A,0.3621945848665534
YHRCDELTA16,YIL009W,0.2863957708655695
YHRCDELTA16,YIL008W,0.17502726313754108
YHRCDELTA16,YIL007C,0.5017892493350339
YHRCDELTA16,YIL006W,0.2344741992971819
YHRCDELTA16,YIL005W,0.07645963797762899
YHRCDELTA16,YIL004C,0.1770777589994608
YHRCDELTA16,YIL047C,0.351096808594173
YHRCDELTA16,YIL046W,0.2292116462858622
YHRCDELTA16,YIL045W,0.2963639116354962
YHRCDELTA16,YIL044C,0.16097832065590634
YHRCDELTA16,YIL043C,0.2994949538890036
YHRCDELTA16,YIL042C,0.2717384372232275
YHRCDELTA16,YIL041W,0.38751331649818055
YHRCDELTA16,YIL040W,0.4270402061458829
YHRCDELTA16,YIL039W,0.16215258203530675
YHRCDELTA16,YIL038C,0.3080324453529694
YHRCDELTA16,YIL037C,0.3836832099904465
YHRCDELTA16,YIL036W,0.3392039821643116
YHRCDELTA16,YIL035C,0.09811347429178836
YHRCDELTA16,YIL034C,0.2030302771180452
YHRCDELTA16,YIL033C,0.28982220997886454
YHRCDELTA16,YIL032C,0.562736224065422
YHRCDELTA16,YIL031W,0.475138152796944
YHRCDELTA16,YIL030C,0.5936432719750306
YHRCDELTA16,YIL029C,0.3811146886041635
YHRCDELTA16,YIL028W,0.6726845508340069
YHRCDELTA16,YIL027C,0.8174052304235876
YHRCDELTA16,YIL026C,0.3834893503222005
YHRCDELTA16,YIL025C,0.10691574864910129
YHRCDELTA16,YIL072W,0.42466801350343164
YHRCDELTA16,YIL071C,0.4453056199601993
YHRCDELTA16,YIL070C,0.21999716463831828
YHRCDELTA16,YIL068C,0.4675240213039667
YHRCDELTA16,YIL067C,0.3603749964345191
YHRCDELTA16,YIL065C,0.4338517220005387
YHRCDELTA16,YIL064W,-0.007744121267116766
YHRCDELTA16,YIL063C,0.7022999953980361
YHRCDELTA16,YIL062C,0.386219345942941
YHRCDELTA16,YIL061C,0.1901542139766531
YHRCDELTA16,YIL060W,0.30997048908641966
YHRCDELTA16,YIL059C,0.5115912422035217
YHRCDELTA16,YIL058W,0.39806872920917274
YHRCDELTA16,YIL057C,0.32236004765509046
YHRCDELTA16,YIL056W,0.466353082874919
YHRCDELTA16,YIL055C,0.3059624992977387
YHRCDELTA16,YIL054W,0.4245145783504535
YHRCDELTA16,YIL053W,-0.1389359383446458
YHRCDELTA16,YIL052C,0.2022188717238954
YHRCDELTA16,YIL051C,0.5222910076271187
YHRCDELTA16,YIL050W,0.5912194507527387
YHRCDELTA16,YIL049W,0.7126393596110812
YHRCDELTA16,YIL048W,0.58949562638712
YHRCDELTA16,YIL096C,-0.033894836251868544
YHRCDELTA16,YIL095W,0.632619612338661
YHRCDELTA16,YIL094C,0.07627963473619935
YHRCDELTA16,YIL093C,0.2353311798740947
YHRCDELTA16,YIL092W,0.14879157984793429
YHRCDELTA16,YIL091C,-0.06687585910877679
YHRCDELTA16,YIL090W,0.37737074081373523
YHRCDELTA16,YIL089W,0.5223246060423324
YHRCDELTA16,YIL088C,0.4568947702355306
YHRCDELTA16,YIL087C,0.2942556518467757
YHRCDELTA16,YIL086C,0.10782586733970115
YHRCDELTA16,YIL085C,0.3588703026906582
YHRCDELTA16,YIL084C,0.2397202024731796
YHRCDELTA16,YIL083C,0.3902621542695176
YHRCDELTA16,YIL080W,0.4411030086299837
YHRCDELTA16,YIL079C,-0.11618747072011291
YHRCDELTA16,YIL078W,0.2241615004952836
YHRCDELTA16,YIL077C,0.31192609833528784
YHRCDELTA16,YIL076W,0.4014526297555254
YHRCDELTA16,YIL075C,0.3804238441941948
YHRCDELTA16,YIL074C,0.03891932765463838
YHRCDELTA16,YIL073C,0.37631262874569726
YHRCDELTA16,YIL119C,0.4688970453090556
YHRCDELTA16,YIL118W,0.02444045067236243
YHRCDELTA16,YIL117C,0.22332660687943712
YHRCDELTA16,YIL116W,0.3037809981674269
YHRCDELTA16,YIL115C,0.48540498775862445
YHRCDELTA16,YIL114C,-0.0725619473543807
YHRCDELTA16,YIL113W,0.24806108240773814
YHRCDELTA16,YIL112W,0.3228902843017308
YHRCDELTA16,YIL111W,0.25932890320515967
YHRCDELTA16,YIL110W,-0.008598579957374175
YHRCDELTA16,YIL109C,0.3913683942792508
YHRCDELTA16,YIL108W,0.36670783889647823
YHRCDELTA16,YIL107C,0.19186389981302243
YHRCDELTA16,YIL105C,0.331182615580501
YHRCDELTA16,YIL104C,-0.1123307533084737
YHRCDELTA16,YIL103W,-0.035179525053982696
YHRCDELTA16,YIL102C,-0.160122884335175
YHRCDELTA16,YIL101C,0.29913053090055003
YHRCDELTA16,YIL100W,0.24386913244901862
YHRCDELTA16,YIL099W,0.3456309628050846
YHRCDELTA16,YIL098C,0.3002406891615463
YHRCDELTA16,YIL097W,0.6003841361383613
YHRCDELTA16,YIL140W,0.1833759777814318
YHRCDELTA16,YIL139C,0.3433442572852808
YHRCDELTA16,YIL138C,0.3882437204728045
YHRCDELTA16,YIL137C,0.3214289959419953
YHRCDELTA16,YIL136W,0.33737374144885857
YHRCDELTA16,YIL135C,0.030817420162492844
YHRCDELTA16,YIL134W,0.25477057186843777
YHRCDELTA16,YIL133C,0.08488045312407431
YHRCDELTA16,YIL132C,0.3175874121572354
YHRCDELTA16,YIL131C,0.3091007900691725
YHRCDELTA16,YIL130W,0.1284050546036349
YHRCDELTA16,YIL129C,0.48028541837227623
YHRCDELTA16,YIL128W,0.45296982030160743
YHRCDELTA16,YIL127C,-0.022800196523655246
YHRCDELTA16,YIL126W,0.5185574655527905
YHRCDELTA16,YIL125W,0.3576924783951596
YHRCDELTA16,YIL124W,0.28335304445712073
YHRCDELTA16,YIL123W,0.3207377616285048
YHRCDELTA16,YIL122W,0.2197950070243203
YHRCDELTA16,YIL121W,0.2781883824984588
YHRCDELTA16,YIL120W,0.263001186216049
YHRCDELTA16,YIL165C,0.16618607381389652
YHRCDELTA16,YIL164C,0.03727936401299943
YHRCDELTA16,YIL163C,0.18579217442810322
YHRCDELTA16,YIL161W,0.4591218336047487
YHRCDELTA16,YIL160C,0.2294511774669498
YHRCDELTA16,YIL159W,0.3714994990402698
YHRCDELTA16,YIL158W,0.2723118198860437
YHRCDELTA16,YIL157C,0.45111628741594917
YHRCDELTA16,YIL156W,0.6712926646391861
YHRCDELTA16,YIL155C,0.46273524395106375
YHRCDELTA16,YIL154C,0.12759127946522006
YHRCDELTA16,YIL153W,0.37137944538535894
YHRCDELTA16,YIL152W,0.35029082662408173
YHRCDELTA16,YIL151C,0.6058403428268392
YHRCDELTA16,YIL150C,0.21839590952229274
YHRCDELTA16,YIL149C,0.3898374686039633
YHRCDELTA16,YIL148W,0.4282879314536629
YHRCDELTA16,YIL147C,0.3188976526942699
YHRCDELTA16,YIL146C,0.2460457306304644
YHRCDELTA16,YIL145C,-0.01700605707157152
YHRCDELTA16,YIL144W,0.3926735948562602
YHRCDELTA16,YIL143C,0.31094197538496854
YHRCDELTA16,YIL142W,0.13637687458197825
YHRCDELTA16,YIL141W,0.18007846783881812
YHRCDELTA16,CEN8,-0.2877252844049429
YHRCDELTA16,SNR32,0.007699488157802877
YHRCDELTA16,SNR71,0.18195825138192268
YHRCDELTA16,YIL176C,0.5020694051710012
YHRCDELTA16,YIL171W,0.20680802022367623
YHRCDELTA16,YIL168W,0.04915238927397401
YHRCDELTA16,YIL167W,0.2815651379202865
YHRCDELTA16,YIL166C,0.2046936280110313
YHRCDELTA16,YHR077C,0.3056658865784557
YHRCDELTA16,YHR209W,0.4145909705293102
YHRCDELTA16,YHR196W,-0.04972640342560886
YHRCDELTA16,YHR197W,-0.07713856479508822
YHRCDELTA16,YHR198C,0.5535926919121968
YHRCDELTA16,YHR199C,0.3989501599561109
YHRCDELTA16,YHR200W,0.2710697203681744
YHRCDELTA16,YHR201C,0.17373409002920465
YHRCDELTA16,YHR202W,0.2399760650964533
YHRCDELTA16,YHR204W,0.1758537321024371
YHRCDELTA16,YHR205W,0.18546911930181825
YHRCDELTA16,YHR206W,0.09737260434411278
YHRCDELTA16,YHR207C,0.22776393811832396
YHRCDELTA16,YHR208W,0.019742680889295948
YHRCDELTA16,YHR210C,0.43572917041304554
YHRCDELTA16,YHR216W,0.037298006730931366
YHRCDELTA16,YHR218W,0.14286975640527458
YHRCDELTA16,YHL046w-a,0.06504622156884164
YHRCDELTA16,YHL030w-a,0.3465429009531126
YHRCDELTA16,YHL006w-a,0.13059903889961239
YHRCDELTA16,YHL002c-a,0.243369713938151
YHRCDELTA16,YHR056w-a,-0.09861241423687683
YHRCDELTA16,YHR063w-a,0.08216870593930634
YHRCDELTA16,YHR070c-a,-0.0651701516110986
YHRCDELTA16,YHR131w-a,0.1568113145236774
YHRCDELTA16,YHR173C,0.46916036315087584
YHRCDELTA16,YHR174W,0.4859253439647135
YHRCDELTA16,YHR175W,0.36436762939080186
YHRCDELTA16,YHR176W,0.14425070155122297
YHRCDELTA16,YHR177W,0.24659611058883893
YHRCDELTA16,YHR178W,0.4891424929231503
YHRCDELTA16,YHR179W,-0.07003077080196816
YHRCDELTA16,YHR180W,0.4970641955866176
YHRCDELTA16,YHR181W,0.4334154328277471
YHRCDELTA16,YHR182W,0.0897077189217818
YHRCDELTA16,YHR183W,0.2529519018942853
YHRCDELTA16,YHR184W,0.3292021196425471
YHRCDELTA16,YHR185C,0.3863945682663511
YHRCDELTA16,YHR186C,0.135121961073003
YHRCDELTA16,YHR187W,0.2064073340027724
YHRCDELTA16,YHR188C,0.20902864443420346
YHRCDELTA16,YHR189W,0.17470430625901742
YHRCDELTA16,YHR190W,0.2266987165253327
YHRCDELTA16,YHR191C,0.65607337801074
YHRCDELTA16,YHR192W,0.5329084209786382
YHRCDELTA16,YHR193C,0.22878124469175737
YHRCDELTA16,YHR194W,0.39288403486756945
YHRCDELTA16,YHR195W,0.3639608387149125
YHRCDELTA16,YHR151C,0.01761725478515664
YHRCDELTA16,YHR152W,0.25183516140558604
YHRCDELTA16,YHR153C,0.19334174024125197
YHRCDELTA16,YHR154W,0.20689698320714126
YHRCDELTA16,YHR155W,0.2646396038866518
YHRCDELTA16,YHR156C,0.1467140282886465
YHRCDELTA16,YHR157W,0.5070579437571097
YHRCDELTA16,YHR158C,0.7061506231556403
YHRCDELTA16,YHR159W,0.45270891489152865
YHRCDELTA16,YHR160C,0.3912942118913912
YHRCDELTA16,YHR161C,0.43934169282942603
YHRCDELTA16,YHR162W,0.40722953096299896
YHRCDELTA16,YHR163W,0.3290446610044953
YHRCDELTA16,YHR164C,0.538781709449046
YHRCDELTA16,YHR165C,0.37684159998821337
YHRCDELTA16,YHR166C,0.6604165374508962
YHRCDELTA16,YHR167W,0.4258135953262345
YHRCDELTA16,YHR168W,0.32614377369443204
YHRCDELTA16,YHR169W,-0.08910120080211328
YHRCDELTA16,YHR170W,-0.06808073259582155
YHRCDELTA16,YHR171W,0.3581084023372415
YHRCDELTA16,YHR172W,0.2966958890962176
YHRCDELTA16,YHR129C,0.5093072562236591
YHRCDELTA16,YHR130C,0.715012683674736
YHRCDELTA16,YHR131C,0.5236611698762718
YHRCDELTA16,YHR132C,0.3709755083512833
YHRCDELTA16,YHR133C,0.32488926697582554
YHRCDELTA16,YHR134W,0.3659440893308144
YHRCDELTA16,YHR135C,0.5123312678640409
YHRCDELTA16,YHR136C,0.4215489319420987
YHRCDELTA16,YHR137W,0.24626876000596493
YHRCDELTA16,YHR138C,0.3929351554739293
YHRCDELTA16,YHR139C,0.14731423350117262
YHRCDELTA16,YHR139C-A,0.2521377656333128
YHRCDELTA16,YHR140W,0.39056006690194384
YHRCDELTA16,YHR142W,0.269720640370732
YHRCDELTA16,YHR143W,0.04483771714763871
YHRCDELTA16,YHR143W-A,0.1503950701165164
YHRCDELTA16,YHR144C,0.011686933485233603
YHRCDELTA16,YHR145C,0.536347906482132
YHRCDELTA16,YHR146W,0.33002975785032346
YHRCDELTA16,YHR147C,0.3679470441100661
YHRCDELTA16,YHR148W,-0.10752887107690441
YHRCDELTA16,YHR149C,-0.005729622209544793
YHRCDELTA16,YHR150W,0.18190563751009278
YHRCDELTA16,YHR108W,0.47606101687563396
YHRCDELTA16,YHR109W,0.28859363026383705
YHRCDELTA16,YHR110W,0.47425848870236237
YHRCDELTA16,YHR111W,0.5485450452597019
YHRCDELTA16,YHR112C,0.42870918590731216
YHRCDELTA16,YHR113W,0.35186472648931466
YHRCDELTA16,YHR114W,0.4345080116077098
YHRCDELTA16,YHR115C,0.3937264467832665
YHRCDELTA16,YHR116W,0.251939311640178
YHRCDELTA16,YHR117W,0.499887209271104
YHRCDELTA16,YHR118C,0.37725387032994184
YHRCDELTA16,YHR119W,0.16034395514194544
YHRCDELTA16,YHR120W,0.19668208422210173
YHRCDELTA16,YHR121W,0.21907514254982635
YHRCDELTA16,YHR122W,0.16718883921681738
YHRCDELTA16,YHR123W,0.11643888727879652
YHRCDELTA16,YHR124W,0.2294092654026155
YHRCDELTA16,YHR125W,0.36941298676420486
YHRCDELTA16,YHR126C,-0.13528940140081835
YHRCDELTA16,YHR127W,0.2842821528433546
YHRCDELTA16,YHR128W,-0.08781047393948506
YHRCDELTA16,YHR087W,0.17983206098904492
YHRCDELTA16,YHR088W,-0.11403308680303843
YHRCDELTA16,YHR089C,-0.11857407443999149
YHRCDELTA16,YHR090C,0.32045434414280527
YHRCDELTA16,YHR091C,0.17989393772164283
YHRCDELTA16,YHR092C,-0.13189300671210477
YHRCDELTA16,YHR093W,0.20321035569985046
YHRCDELTA16,YHR094C,0.16349939917285947
YHRCDELTA16,YHR095W,0.4680502757819588
YHRCDELTA16,YHR096C,0.23209324942939527
YHRCDELTA16,YHR097C,0.25526087589694085
YHRCDELTA16,YHR098C,0.3777517310382779
YHRCDELTA16,YHR099W,0.44342293033611024
YHRCDELTA16,YHR100C,0.31503870280240126
YHRCDELTA16,YHR101C,0.5845440128937927
YHRCDELTA16,YHR102W,0.525785436713043
YHRCDELTA16,YHR103W,0.6979746638167129
YHRCDELTA16,YHR104W,0.3529412790899153
YHRCDELTA16,YHR105W,0.3738367254156801
YHRCDELTA16,YHR106W,0.3105663620484941
YHRCDELTA16,YHR107C,0.28011292092822393
YHRCDELTA16,YHR065C,-0.06438498357879872
YHRCDELTA16,YHR066W,-0.09304597827030522
YHRCDELTA16,YHR067W,0.5518720497016404
YHRCDELTA16,YHR068W,0.02912697920093503
YHRCDELTA16,YHR069C,0.03506927805160466
YHRCDELTA16,YHR070W,-0.13881219056442667
YHRCDELTA16,YHR071W,0.16269255844635216
YHRCDELTA16,YHR072W,0.2661803271812939
YHRCDELTA16,YHR073W,0.7419274053707428
YHRCDELTA16,YHR074W,0.5458445886352074
YHRCDELTA16,YHR075C,0.4168203367089972
YHRCDELTA16,YHR076W,0.4890366567743944
YHRCDELTA16,YHR078W,0.5942625121314392
YHRCDELTA16,YHR079C,0.5820780622896803
YHRCDELTA16,YHR079C-A,0.20699255195365945
YHRCDELTA16,YHR080C,0.44254960725376496
YHRCDELTA16,YHR081W,0.1961602299550737
YHRCDELTA16,YHR082C,0.47404616985797915
YHRCDELTA16,YHR083W,0.42417424079262417
YHRCDELTA16,YHR084W,0.2517371051503427
YHRCDELTA16,YHR085W,-0.09146402333656092
YHRCDELTA16,YHR086W,0.28357449858902034
YHRCDELTA16,YHR040W,-0.0905101351173008
YHRCDELTA16,YHR041C,0.293641825309014
YHRCDELTA16,YHR042W,0.32954205377791845
YHRCDELTA16,YHR043C,0.27058664299506435
YHRCDELTA16,YHR044C,0.4791922222977657
YHRCDELTA16,YHR045W,0.334045775302482
YHRCDELTA16,YHR046C,-0.012620032504954613
YHRCDELTA16,YHR047C,0.47783514277850647
YHRCDELTA16,YHR048W,0.13045092457236004
YHRCDELTA16,YHR049W,-0.1293123655776245
YHRCDELTA16,YHR049C-A,0.09508707716752518
YHRCDELTA16,YHR050W,0.2109910113802969
YHRCDELTA16,YHR051W,0.3593154374363755
YHRCDELTA16,YHR052W,-0.05863023904112125
YHRCDELTA16,YHR053C,0.1716205979651938
YHRCDELTA16,YHR054C,0.50008365699857
YHRCDELTA16,YHR057C,0.19491156599543227
YHRCDELTA16,YHR058C,-0.03271041142089871
YHRCDELTA16,YHR059W,0.22756306920187716
YHRCDELTA16,YHR060W,0.3311494478789769
YHRCDELTA16,YHR061C,0.27676591796694433
YHRCDELTA16,YHR062C,0.061540619607981996
YHRCDELTA16,YHR063C,0.15742721925678152
YHRCDELTA16,YHR064C,0.14745893709529515
YHRCDELTA16,YHR020W,-0.017877601225012522
YHRCDELTA16,YHR021C,0.11510143498609453
YHRCDELTA16,YHR021W-A,0.1055828557260296
YHRCDELTA16,YHR022C,0.2398767629173428
YHRCDELTA16,YHR023W,0.2899760669770903
YHRCDELTA16,YHR024C,0.1432640567408748
YHRCDELTA16,YHR025W,-0.1562852063305812
YHRCDELTA16,YHR026W,0.0956386105399174
YHRCDELTA16,YHR027C,0.35484632935222504
YHRCDELTA16,YHR028C,0.5108429337465137
YHRCDELTA16,YHR029C,0.2996865838269183
YHRCDELTA16,YHR030C,0.5469761949708425
YHRCDELTA16,YHR031C,0.21435428106724894
YHRCDELTA16,YHR032W,-0.07351306295254474
YHRCDELTA16,YHR033W,0.1897454208533864
YHRCDELTA16,YHR034C,0.33040387872830435
YHRCDELTA16,YHR035W,0.6540688665246692
YHRCDELTA16,YHR036W,0.3411587153051257
YHRCDELTA16,YHR037W,0.40856464421602795
YHRCDELTA16,YHR038W,0.328661479798909
YHRCDELTA16,YHR039C,0.39512056390909867
YHRCDELTA16,YHR039C-B,0.2734193550102639
YHRCDELTA16,YHL001W,0.22220085687206012
YHRCDELTA16,YHR001W,0.31089855943997596
YHRCDELTA16,YHR001W-A,0.5929011380540297
YHRCDELTA16,YHR002W,0.33216425874936206
YHRCDELTA16,YHR003C,0.08309065734592254
YHRCDELTA16,YHR004C,0.5967520518178682
YHRCDELTA16,YHR005C,0.4121076518910158
YHRCDELTA16,YHR005C-A,0.4555186662401829
YHRCDELTA16,YHR006W,0.4927599038262426
YHRCDELTA16,YHR007C,0.14011743809114227
YHRCDELTA16,YHR008C,0.35414135758377163
YHRCDELTA16,YHR009C,0.47226401455997746
YHRCDELTA16,YHR010W,0.16057387112825067
YHRCDELTA16,YHR011W,0.3935019345366046
YHRCDELTA16,YHR012W,0.491788761057832
YHRCDELTA16,YHR013C,0.23109291238402263
YHRCDELTA16,YHR014W,0.2394169032993372
YHRCDELTA16,YHR015W,0.37574177721856195
YHRCDELTA16,YHR016C,0.31338033844917723
YHRCDELTA16,YHR017W,0.5157649047241136
YHRCDELTA16,YHR018C,0.22962720788401897
YHRCDELTA16,YHR019C,0.019825461181148356
YHRCDELTA16,YHL023C,0.5489383172894802
YHRCDELTA16,YHL022C,0.5048611441310726
YHRCDELTA16,YHL021C,0.4669975861631753
YHRCDELTA16,YHL020C,0.4406028222011673
YHRCDELTA16,YHL019C,0.26368274266302844
YHRCDELTA16,YHL018W,0.40347025983571816
YHRCDELTA16,YHL017W,0.6051016946726666
YHRCDELTA16,YHL016C,-0.16373194134222216
YHRCDELTA16,YHL015W,0.2762997327214264
YHRCDELTA16,YHL014C,0.2776545938529514
YHRCDELTA16,YHL013C,-0.07320307783423861
YHRCDELTA16,YHL012W,0.08608731839732855
YHRCDELTA16,YHL011C,-0.0297340996448811
YHRCDELTA16,YHL010C,0.2683554382011661
YHRCDELTA16,YHL009C,0.20323379668422453
YHRCDELTA16,YHL008C,0.19072361814836097
YHRCDELTA16,YHL007C,-0.04124436164102207
YHRCDELTA16,YHL006C,0.21724182297924613
YHRCDELTA16,YHL005C,0.12776819727936983
YHRCDELTA16,YHL004W,0.18480424665727532
YHRCDELTA16,YHL003C,0.545028832470557
YHRCDELTA16,YHL002W,0.5251067892447193
YHRCDELTA16,SNR7-L,0.3834283729576546
YHRCDELTA16,YHL047C,0.12968228874804894
YHRCDELTA16,YHL046C,0.3559707654563806
YHRCDELTA16,YHL044W,0.3179220811469401
YHRCDELTA16,YHL043W,0.40170292676055985
YHRCDELTA16,YHL042W,0.27993828391355835
YHRCDELTA16,YHL041W,0.08769958538434496
YHRCDELTA16,YHL040C,0.05162116329406489
YHRCDELTA16,YHL039W,-0.020260311354218845
YHRCDELTA16,YHL038C,0.25598855375161494
YHRCDELTA16,YHL037C,-0.012660902554009847
YHRCDELTA16,YHL036W,0.039714762061395285
YHRCDELTA16,YHL035C,0.6552894736550503
YHRCDELTA16,YHL034C,0.44392520098696653
YHRCDELTA16,YHL033C,0.06838032374646229
YHRCDELTA16,YHL032C,0.3625050628781912
YHRCDELTA16,YHL031C,0.21531252140959592
YHRCDELTA16,YHL030W,0.5660631200497175
YHRCDELTA16,YHL029C,0.26475750665723496
YHRCDELTA16,YHL028W,0.09552816254234431
YHRCDELTA16,YHL027W,0.1251591251179544
YHRCDELTA16,YHL026C,-0.03697064467363146
YHRCDELTA16,YHL025W,0.2836200166936373
YHRCDELTA16,YHL024W,0.42268509562002304
YHRCDELTA16,SNR39,0.07555731839720368
YHRCDELTA16,SNR39b,0.19344378481835206
YHRCDELTA16,SNR46,0.4921110876680458
YHRCDELTA16,SNR48,0.4476950462692222
YHRCDELTA16,YGR275W,0.40034009955579375
YHRCDELTA16,YGR276C,0.19746929109705175
YHRCDELTA16,YGR277C,0.0793383271326296
YHRCDELTA16,YGR278W,0.2729099080725142
YHRCDELTA16,YGR279C,0.23172521665449017
YHRCDELTA16,YGR280C,-0.12348148309950888
YHRCDELTA16,YGR281W,0.1690583872000923
YHRCDELTA16,YGR282C,0.3311610834414641
YHRCDELTA16,YGR283C,-0.09318047080184189
YHRCDELTA16,YGR284C,0.3254567117556454
YHRCDELTA16,YGR285C,-0.162163274037447
YHRCDELTA16,YGR286C,0.07399092805164736
YHRCDELTA16,YGR287C,0.555914178373517
YHRCDELTA16,YGR288W,0.5637057510108522
YHRCDELTA16,YGR289C,0.420839655119022
YHRCDELTA16,YGR290W,0.3722062945590259
YHRCDELTA16,YGR291C,0.15214568166729436
YHRCDELTA16,YGR293C,0.16849072479040983
YHRCDELTA16,YGR294W,0.5020206887792937
YHRCDELTA16,YGR122C-A,0.5875801826569008
YHRCDELTA16,YGL006w-a,-0.07981286994129104
YHRCDELTA16,YGR029W,0.5490672309258651
YHRCDELTA16,YGR254W,0.24704092086630627
YHRCDELTA16,YGR255C,0.44091244659370576
YHRCDELTA16,YGR256W,0.1495215397886315
YHRCDELTA16,YGR257C,0.2645318815329204
YHRCDELTA16,YGR258C,0.11129938750304531
YHRCDELTA16,YGR259C,0.16867891344147484
YHRCDELTA16,YGR260W,0.2813317194234017
YHRCDELTA16,YGR261C,0.47269651013886965
YHRCDELTA16,YGR262C,0.45637428812225656
YHRCDELTA16,YGR263C,0.5370335162578582
YHRCDELTA16,YGR264C,0.014826993262036384
YHRCDELTA16,YGR265W,-0.0035555986332584198
YHRCDELTA16,YGR266W,0.4459495203049099
YHRCDELTA16,YGR267C,0.630281560847949
YHRCDELTA16,YGR268C,0.25737095244847497
YHRCDELTA16,YGR269W,0.4328600651711795
YHRCDELTA16,YGR270W,0.4212390242933349
YHRCDELTA16,YGR271W,0.7717086513018148
YHRCDELTA16,YGR272C,-0.014471508692933188
YHRCDELTA16,YGR273C,-0.12044899273014659
YHRCDELTA16,YGR274C,0.42243213406188235
YHRCDELTA16,YGR231C,0.4984986303463223
YHRCDELTA16,YGR232W,0.39059663458542565
YHRCDELTA16,YGR233C,0.1976161098350339
YHRCDELTA16,YGR234W,0.29923797669837604
YHRCDELTA16,YGR235C,0.5433625077732024
YHRCDELTA16,YGR236C,0.2996518499050581
YHRCDELTA16,YGR237C,0.4373441521931949
YHRCDELTA16,YGR238C,0.4327771786879901
YHRCDELTA16,YGR239C,-0.002444756104117144
YHRCDELTA16,YGR240C,0.286415901058845
YHRCDELTA16,YGR241C,0.4031459296223013
YHRCDELTA16,YGR242W,0.19072223303432237
YHRCDELTA16,YGR243W,0.3533627414013372
YHRCDELTA16,YGR244C,0.3100735899391827
YHRCDELTA16,YGR245C,-0.10515291078568526
YHRCDELTA16,YGR246C,0.4819293222389035
YHRCDELTA16,YGR247W,0.3200916297405869
YHRCDELTA16,YGR248W,0.13027361689634107
YHRCDELTA16,YGR249W,0.31722686954917195
YHRCDELTA16,YGR250C,0.2764063006068781
YHRCDELTA16,YGR251W,-0.1645557454358983
YHRCDELTA16,YGR252W,0.16010258102403138
YHRCDELTA16,YGR253C,0.16087759180594943
YHRCDELTA16,YGR209C,0.5319493360653005
YHRCDELTA16,YGR210C,0.08657501783545309
YHRCDELTA16,YGR211W,0.011864860635001485
YHRCDELTA16,YGR212W,0.3751711930524941
YHRCDELTA16,YGR213C,0.349381263748731
YHRCDELTA16,YGR214W,-0.015696886308881358
YHRCDELTA16,YGR215W,0.38990939153745297
YHRCDELTA16,YGR216C,0.5316403468709003
YHRCDELTA16,YGR217W,0.1734203954027016
YHRCDELTA16,YGR218W,0.31132208534424277
YHRCDELTA16,YGR219W,0.07109431164131394
YHRCDELTA16,YGR220C,0.1426412787647708
YHRCDELTA16,YGR221C,0.13074310185865048
YHRCDELTA16,YGR222W,0.5468797990937014
YHRCDELTA16,YGR223C,0.5139001545940963
YHRCDELTA16,YGR224W,0.4040505834320241
YHRCDELTA16,YGR225W,0.4149917526529323
YHRCDELTA16,YGR226C,0.18916375957190024
YHRCDELTA16,YGR227W,0.2799217332524499
YHRCDELTA16,YGR228W,0.14869820610541207
YHRCDELTA16,YGR229C,0.14438870506233117
YHRCDELTA16,YGR230W,0.3080671024712247
YHRCDELTA16,YGR187C,-0.1246334708815833
YHRCDELTA16,YGR188C,0.23668226234698872
YHRCDELTA16,YGR189C,0.36864470956272993
YHRCDELTA16,YGR190C,0.07874445702573232
YHRCDELTA16,YGR191W,-0.06921655861797404
YHRCDELTA16,YGR192C,0.2815488585268741
YHRCDELTA16,YGR193C,0.45731292880307733
YHRCDELTA16,YGR194C,0.43210957411305256
YHRCDELTA16,YGR195W,0.11031727964332609
YHRCDELTA16,YGR196C,0.602826036959172
YHRCDELTA16,YGR197C,0.3695916773085051
YHRCDELTA16,YGR198W,0.21860253826827203
YHRCDELTA16,YGR199W,0.44424208437418694
YHRCDELTA16,YGR200C,-0.03832981131279024
YHRCDELTA16,YGR201C,0.5067636115618005
YHRCDELTA16,YGR202C,0.5937652261974629
YHRCDELTA16,YGR203W,0.3784461868726565
YHRCDELTA16,YGR204W,0.01700426711104126
YHRCDELTA16,YGR205W,0.3821370418513756
YHRCDELTA16,YGR206W,0.6381844076936283
YHRCDELTA16,YGR207C,0.33627221331443397
YHRCDELTA16,YGR208W,-0.0740449422350112
YHRCDELTA16,YGR164W,0.33978373250292365
YHRCDELTA16,YGR165W,0.22544000046001736
YHRCDELTA16,YGR166W,0.2815475407411343
YHRCDELTA16,YGR167W,0.529565867654016
YHRCDELTA16,YGR168C,0.6583243957158433
YHRCDELTA16,YGR169C,0.08652310313386924
YHRCDELTA16,YGR170W,0.59767071440809
YHRCDELTA16,YGR171C,0.4754772174819862
YHRCDELTA16,YGR172C,0.344075309148883
YHRCDELTA16,YGR173W,0.0028789997723047966
YHRCDELTA16,YGR174C,0.4373210396338999
YHRCDELTA16,YGR175C,0.23055858342080704
YHRCDELTA16,YGR176W,0.09236060907456888
YHRCDELTA16,YGR177C,0.2628656541390566
YHRCDELTA16,YGR178C,0.24672355433743354
YHRCDELTA16,YGR179C,0.43412100474373644
YHRCDELTA16,YGR180C,0.2478204045957176
YHRCDELTA16,YGR181W,0.2233838226303232
YHRCDELTA16,YGR182C,0.48281616211170497
YHRCDELTA16,YGR183C,0.4597566036973768
YHRCDELTA16,YGR184C,0.3130528682445184
YHRCDELTA16,YGR185C,0.034617529242190574
YHRCDELTA16,YGR186W,0.17191657277058744
YHRCDELTA16,YGR142W,0.2200887593692559
YHRCDELTA16,YGR143W,0.2740195826394059
YHRCDELTA16,YGR144W,0.43612712017048333
YHRCDELTA16,YGR145W,-0.132904763423043
YHRCDELTA16,YGR146C,0.24514542494912955
YHRCDELTA16,YGR147C,0.36861185912040756
YHRCDELTA16,YGR148C,0.04996130029481413
YHRCDELTA16,YGR149W,0.21663063996467952
YHRCDELTA16,YGR150C,0.4341050926819281
YHRCDELTA16,YGR151C,-0.03365692083758117
YHRCDELTA16,YGR152C,-0.01337741933438942
YHRCDELTA16,YGR153W,0.09861627983278089
YHRCDELTA16,YGR154C,0.1897886704887207
YHRCDELTA16,YGR155W,0.055960591708538336
YHRCDELTA16,YGR156W,0.34331740476183176
YHRCDELTA16,YGR157W,0.4853263579887877
YHRCDELTA16,YGR158C,-0.026010820003937327
YHRCDELTA16,YGR159C,-0.13823036710628767
YHRCDELTA16,YGR160W,-0.11362216152064854
YHRCDELTA16,YGR161C,0.1649343976995036
YHRCDELTA16,YGR162W,-0.02883374365473942
YHRCDELTA16,YGR163W,0.5997205215577844
YHRCDELTA16,YGR120C,0.0638863091738456
YHRCDELTA16,YGR121C,-0.2538217938870388
YHRCDELTA16,YGR122W,0.09556288062026881
YHRCDELTA16,YGR123C,-0.13452605516000748
YHRCDELTA16,YGR124W,0.01415600099918947
YHRCDELTA16,YGR125W,-0.039583381234157146
YHRCDELTA16,YGR126W,0.2880112632889898
YHRCDELTA16,YGR127W,0.3138095774489238
YHRCDELTA16,YGR128C,-0.06570322045880668
YHRCDELTA16,YGR129W,0.17324706822707772
YHRCDELTA16,YGR130C,0.3844308513359044
YHRCDELTA16,YGR131W,0.4191065969712703
YHRCDELTA16,YGR132C,0.5072943191624614
YHRCDELTA16,YGR133W,0.4075783957552392
YHRCDELTA16,YGR134W,0.31584938288772996
YHRCDELTA16,YGR135W,0.6279404101085262
YHRCDELTA16,YGR136W,0.12801336667389462
YHRCDELTA16,YGR137W,0.6392272024692534
YHRCDELTA16,YGR138C,-0.03451211060552702
YHRCDELTA16,YGR139W,0.19792235471071395
YHRCDELTA16,YGR140W,0.42961594963724586
YHRCDELTA16,YGR141W,0.4620776867293113
YHRCDELTA16,YGR098C,0.609571549934973
YHRCDELTA16,YGR099W,0.5374553368772794
YHRCDELTA16,YGR100W,-0.02375549991862828
YHRCDELTA16,YGR101W,0.21004526119511954
YHRCDELTA16,YGR102C,0.3986868304921474
YHRCDELTA16,YGR103W,-0.08034976153568386
YHRCDELTA16,YGR104C,0.47756858599725266
YHRCDELTA16,YGR105W,0.7031739530705747
YHRCDELTA16,YGR106C,0.4459054919580653
YHRCDELTA16,YGR107W,0.393696742901037
YHRCDELTA16,YGR108W,0.23834433113927267
YHRCDELTA16,YGR109C,0.1085515130773083
YHRCDELTA16,YGR110W,0.3397330662769189
YHRCDELTA16,YGR111W,0.5962776754980821
YHRCDELTA16,YGR112W,0.3429468390376403
YHRCDELTA16,YGR113W,0.5439720139606985
YHRCDELTA16,YGR114C,0.24524194740578883
YHRCDELTA16,YGR115C,-0.06199886308294302
YHRCDELTA16,YGR116W,0.5025285793601377
YHRCDELTA16,YGR117C,0.5550323253043881
YHRCDELTA16,YGR118W,0.16521815794307262
YHRCDELTA16,YGR119C,0.4439595432172652
YHRCDELTA16,YGR075C,0.5462770193258504
YHRCDELTA16,YGR076C,0.2765956983668026
YHRCDELTA16,YGR077C,0.3526534729754305
YHRCDELTA16,YGR078C,-0.05246868063196526
YHRCDELTA16,YGR079W,-0.15120575658719107
YHRCDELTA16,YGR080W,0.3150597097705146
YHRCDELTA16,YGR081C,-0.008634163542194805
YHRCDELTA16,YGR082W,0.20765512910661876
YHRCDELTA16,YGR083C,-0.03547036228541773
YHRCDELTA16,YGR084C,0.35105882712383807
YHRCDELTA16,YGR085C,-0.018048606016888052
YHRCDELTA16,YGR086C,0.21823430536898547
YHRCDELTA16,YGR087C,-0.18174149785673177
YHRCDELTA16,YGR088W,0.027876788538821775
YHRCDELTA16,YGR089W,0.21645961907668027
YHRCDELTA16,YGR090W,-0.13516174847186185
YHRCDELTA16,YGR091W,0.19080491847993405
YHRCDELTA16,YGR092W,0.31674060313615776
YHRCDELTA16,YGR093W,0.11136435178918043
YHRCDELTA16,YGR094W,0.22172699296959142
YHRCDELTA16,YGR095C,0.04546667551068838
YHRCDELTA16,YGR096W,0.19792803926562405
YHRCDELTA16,YGR097W,0.2160268059576462
YHRCDELTA16,YGR053C,0.36193927610715815
YHRCDELTA16,YGR054W,-0.10290458268969649
YHRCDELTA16,YGR055W,-0.2755412960317169
YHRCDELTA16,YGR056W,0.10736744076005597
YHRCDELTA16,YGR057C,0.2399851805136508
YHRCDELTA16,YGR058W,0.16338196281626205
YHRCDELTA16,YGR059W,0.5444891856113605
YHRCDELTA16,YGR060W,0.05249513721076124
YHRCDELTA16,YGR061C,-0.08118701040736291
YHRCDELTA16,YGR062C,0.18809005273261273
YHRCDELTA16,YGR063C,0.18967374160507985
YHRCDELTA16,YGR064W,0.25324535957251654
YHRCDELTA16,YGR065C,0.48839454068496724
YHRCDELTA16,YGR066C,0.15175246404533746
YHRCDELTA16,YGR067C,0.22010741394750166
YHRCDELTA16,YGR068C,-0.1602813450159652
YHRCDELTA16,YGR069W,0.39621724497940847
YHRCDELTA16,YGR070W,0.5368437359298603
YHRCDELTA16,YGR071C,0.7100805916936255
YHRCDELTA16,YGR072W,0.18400897065615937
YHRCDELTA16,YGR073C,0.5755501477337586
YHRCDELTA16,YGR074W,0.5374639892008778
YHRCDELTA16,YGR028W,0.30764946854717207
YHRCDELTA16,YGR030C,0.5627631532176167
YHRCDELTA16,YGR031W,0.34201881806374107
YHRCDELTA16,YGR032W,0.30493509530678753
YHRCDELTA16,YGR033C,0.33808083985346155
YHRCDELTA16,YGR035C,-0.09800270108072545
YHRCDELTA16,YGR036C,0.062261320671163196
YHRCDELTA16,YGR037C,0.5853131152339882
YHRCDELTA16,YGR038W,0.3802035160829646
YHRCDELTA16,YGR039W,0.24853737974505294
YHRCDELTA16,YGR040W,0.2287447052577563
YHRCDELTA16,YGR041W,0.37758999913499597
YHRCDELTA16,YGR042W,0.5749994600578017
YHRCDELTA16,YGR043C,0.20397040497184768
YHRCDELTA16,YGR044C,0.13582931481561347
YHRCDELTA16,YGR045C,0.3597744645192131
YHRCDELTA16,YGR046W,0.5202640735630242
YHRCDELTA16,YGR047C,0.41960249314132975
YHRCDELTA16,YGR048W,0.25964148431280115
YHRCDELTA16,YGR049W,0.02931294428600851
YHRCDELTA16,YGR050C,0.5142976800140776
YHRCDELTA16,YGR051C,0.25217273432543813
YHRCDELTA16,YGR052W,0.1586676355434894
YHRCDELTA16,YGR007W,0.38113071458793074
YHRCDELTA16,YGR008C,0.48358058711944696
YHRCDELTA16,YGR009C,0.44521662701427983
YHRCDELTA16,YGR010W,0.3992606125218742
YHRCDELTA16,YGR011W,0.3877874172625225
YHRCDELTA16,YGR012W,0.44129412253586886
YHRCDELTA16,YGR013W,0.25213834367814547
YHRCDELTA16,YGR014W,0.261501214186515
YHRCDELTA16,YGR015C,0.4600485805577348
YHRCDELTA16,YGR016W,0.4010078416628278
YHRCDELTA16,YGR017W,0.3112827951180358
YHRCDELTA16,YGR018C,0.1696437269579742
YHRCDELTA16,YGR019W,0.3452454299509452
YHRCDELTA16,YGR020C,0.072542124396932
YHRCDELTA16,YGR021W,0.16208721830997633
YHRCDELTA16,YGR022C,-0.08113730279021414
YHRCDELTA16,YGR023W,0.3718632755523448
YHRCDELTA16,YGR024C,0.5733612997055103
YHRCDELTA16,YGR025W,0.3334166928715795
YHRCDELTA16,YGR026W,0.6741501316859383
YHRCDELTA16,YGR027C,0.24161988036671825
YHRCDELTA16,YGL015C,0.02138477463666331
YHRCDELTA16,YGL014W,0.14466238031570197
YHRCDELTA16,YGL013C,-0.007333819936565976
YHRCDELTA16,YGL012W,-0.026194751991001342
YHRCDELTA16,YGL011C,0.12271365757001888
YHRCDELTA16,YGL010W,0.16003588235295135
YHRCDELTA16,YGL009C,0.09137651436992328
YHRCDELTA16,YGL008C,0.07819327588149179
YHRCDELTA16,YGL007W,0.469255488773781
YHRCDELTA16,YGL006W,0.38248270836570264
YHRCDELTA16,YGL005C,0.6364412467765013
YHRCDELTA16,YGL004C,0.44901815954987506
YHRCDELTA16,YGL003C,0.4994363766512682
YHRCDELTA16,YGL002W,0.4904165306640941
YHRCDELTA16,YGL001C,0.27650325112256724
YHRCDELTA16,YGR001C,0.453686677794282
YHRCDELTA16,YGR002C,0.2769500210601048
YHRCDELTA16,YGR003W,0.28538399779120455
YHRCDELTA16,YGR004W,0.14604026924465693
YHRCDELTA16,YGR005C,0.26658607668420836
YHRCDELTA16,YGR006W,0.3360127890111959
YHRCDELTA16,YGL038C,0.3039561351849006
YHRCDELTA16,YGL037C,0.24654387866222052
YHRCDELTA16,YGL036W,0.37299294795763865
YHRCDELTA16,YGL035C,0.22996228538236546
YHRCDELTA16,YGL034C,-0.1358058635879193
YHRCDELTA16,YGL033W,0.372123626168438
YHRCDELTA16,YGL032C,0.39120605809131037
YHRCDELTA16,YGL031C,0.23521801294141356
YHRCDELTA16,YGL030W,0.40450835213045494
YHRCDELTA16,YGL029W,-0.0744625442051048
YHRCDELTA16,YGL028C,0.17519378438194136
YHRCDELTA16,YGL027C,0.3246118020433362
YHRCDELTA16,YGL026C,0.1435006275624618
YHRCDELTA16,YGL025C,0.20640561511714223
YHRCDELTA16,YGL024W,0.3009664748620491
YHRCDELTA16,YGL023C,0.16718916266518563
YHRCDELTA16,YGL022W,0.27351258530142664
YHRCDELTA16,YGL021W,0.26367708958411984
YHRCDELTA16,YGL020C,0.28726034572106857
YHRCDELTA16,YGL019W,0.2890255989666196
YHRCDELTA16,YGL018C,0.2531521247399285
YHRCDELTA16,YGL017W,0.06490842889479864
YHRCDELTA16,YGL016W,0.17575110428191895
YHRCDELTA16,YGL060W,0.37868594897487906
YHRCDELTA16,YGL059W,0.40949114616081034
YHRCDELTA16,YGL058W,0.21866304646884074
YHRCDELTA16,YGL057C,0.34695410017569805
YHRCDELTA16,YGL056C,0.2611804716030834
YHRCDELTA16,YGL055W,0.4741022280425828
YHRCDELTA16,YGL054C,0.3595110301711501
YHRCDELTA16,YGL053W,0.41276165713154706
YHRCDELTA16,YGL052W,0.3387449483493033
YHRCDELTA16,YGL051W,0.273122564095158
YHRCDELTA16,YGL050W,0.13486740130252103
YHRCDELTA16,YGL049C,0.12103330336649591
YHRCDELTA16,YGL048C,0.28590199777145675
YHRCDELTA16,YGL047W,0.19211504348168837
YHRCDELTA16,YGL046W,0.16087740691482247
YHRCDELTA16,YGL045W,-0.022396923930560083
YHRCDELTA16,YGL044C,-0.04670092885490909
YHRCDELTA16,YGL043W,0.14710175911119705
YHRCDELTA16,YGL042C,0.2768012314585394
YHRCDELTA16,YGL041C,0.501374948352402
YHRCDELTA16,YGL040C,0.24064918049437925
YHRCDELTA16,YGL039W,0.44868510639084624
YHRCDELTA16,YGL082W,0.26113360399407826
YHRCDELTA16,YGL081W,0.18965941083888627
YHRCDELTA16,YGL080W,0.26228057524612297
YHRCDELTA16,YGL079W,0.09754072163626598
YHRCDELTA16,YGL078C,-0.13633205217086514
YHRCDELTA16,YGL077C,0.15100682950617714
YHRCDELTA16,YGL076C,-0.12988896326869873
YHRCDELTA16,YGL075C,0.3683105763388502
YHRCDELTA16,YGL074C,0.11348760482209423
YHRCDELTA16,YGL073W,0.26325586848400384
YHRCDELTA16,YGL072C,0.3078193070572982
YHRCDELTA16,YGL071W,0.13230126667496328
YHRCDELTA16,YGL070C,0.22730026728542915
YHRCDELTA16,YGL069C,0.2158965452590503
YHRCDELTA16,YGL068W,0.2780387964793394
YHRCDELTA16,YGL067W,0.27730794861801916
YHRCDELTA16,YGL066W,0.2831688480511333
YHRCDELTA16,YGL065C,0.26793471451665607
YHRCDELTA16,YGL064C,0.11845049062562459
YHRCDELTA16,YGL063W,0.08354412681992592
YHRCDELTA16,YGL062W,0.24247133793147904
YHRCDELTA16,YGL061C,0.22787091213362246
YHRCDELTA16,YGL105W,0.3807099893025281
YHRCDELTA16,YGL104C,0.38568062552431576
YHRCDELTA16,YGL103W,0.22652032213422638
YHRCDELTA16,YGL102C,0.2754421839255185
YHRCDELTA16,YGL101W,0.4325074335514736
YHRCDELTA16,YGL100W,0.5166655393515681
YHRCDELTA16,YGL099W,-0.08476618809737682
YHRCDELTA16,YGL098W,0.18177010557543688
YHRCDELTA16,YGL097W,0.015405595113893384
YHRCDELTA16,YGL096W,0.33082796416339666
YHRCDELTA16,YGL095C,0.5953842622993072
YHRCDELTA16,YGL094C,0.6004062810322018
YHRCDELTA16,YGL093W,0.6642265450221214
YHRCDELTA16,YGL092W,0.2656962137023726
YHRCDELTA16,YGL091C,0.5200727144915256
YHRCDELTA16,YGL090W,0.1806041692391311
YHRCDELTA16,YGL089C,0.2698446647890077
YHRCDELTA16,YGL088W,0.2615452334887037
YHRCDELTA16,YGL087C,0.33513653798760157
YHRCDELTA16,YGL086W,0.3774904950140479
YHRCDELTA16,YGL085W,0.2570691526328349
YHRCDELTA16,YGL084C,0.47496906292898344
YHRCDELTA16,YGL083W,0.3861216538634409
YHRCDELTA16,YGL127C,0.27740548011355876
YHRCDELTA16,YGL126W,0.278773820491023
YHRCDELTA16,YGL125W,0.14342248422798895
YHRCDELTA16,YGL124C,0.3245568130809649
YHRCDELTA16,YGL123W,0.12753792177985965
YHRCDELTA16,YGL122C,0.11177701231472412
YHRCDELTA16,YGL121C,0.2724977103105026
YHRCDELTA16,YGL120C,-0.16338928655492752
YHRCDELTA16,YGL119W,0.1767096081049588
YHRCDELTA16,YGL118C,0.2876889792685792
YHRCDELTA16,YGL117W,0.40095405766084763
YHRCDELTA16,YGL116W,0.24565304904880594
YHRCDELTA16,YGL115W,0.28406947462858845
YHRCDELTA16,YGL114W,0.15311999001759902
YHRCDELTA16,YGL113W,0.26324626706547877
YHRCDELTA16,YGL112C,0.19299439051816247
YHRCDELTA16,YGL111W,-0.11692450749401309
YHRCDELTA16,YGL110C,0.25167424386394655
YHRCDELTA16,YGL109W,0.12128380113084077
YHRCDELTA16,YGL108C,0.6518645219038052
YHRCDELTA16,YGL107C,0.2635706218434301
YHRCDELTA16,YGL106W,0.50424981583418
YHRCDELTA16,YGL153W,0.32513121741520623
YHRCDELTA16,YGL151W,0.565665692224487
YHRCDELTA16,YGL150C,0.037827065646367654
YHRCDELTA16,YGL149W,0.024599275514257814
YHRCDELTA16,YGL148W,-0.0752318203878442
YHRCDELTA16,YGL147C,0.26428163657664594
YHRCDELTA16,YGL146C,0.04991899250009502
YHRCDELTA16,YGL145W,0.2845960022917422
YHRCDELTA16,YGL144C,-0.008419753506663652
YHRCDELTA16,YGL143C,0.2418043112914965
YHRCDELTA16,YGL142C,0.575567638537462
YHRCDELTA16,YGL141W,0.35043937047603
YHRCDELTA16,YGL140C,0.4351104154187893
YHRCDELTA16,YGL139W,0.5365411497740699
YHRCDELTA16,YGL138C,0.2064935733668287
YHRCDELTA16,YGL137W,0.5004103906054702
YHRCDELTA16,YGL136C,0.5350786387356397
YHRCDELTA16,YGL134W,0.5720144479816701
YHRCDELTA16,YGL133W,0.23382861005455796
YHRCDELTA16,YGL132W,0.35272821551221867
YHRCDELTA16,YGL131C,0.08834385098780236
YHRCDELTA16,YGL130W,0.5822647647722511
YHRCDELTA16,YGL129C,0.3704412387109514
YHRCDELTA16,YGL128C,0.3437256608577096
YHRCDELTA16,YGL174W,0.18099906459507867
YHRCDELTA16,YGL173C,0.545854371435634
YHRCDELTA16,YGL172W,0.12788444245062128
YHRCDELTA16,YGL171W,-0.08879330683813795
YHRCDELTA16,YGL170C,0.6116567660845594
YHRCDELTA16,YGL169W,0.1764269013368745
YHRCDELTA16,YGL168W,0.5553504490373667
YHRCDELTA16,YGL167C,0.5768730726756183
YHRCDELTA16,YGL166W,0.33054329084268863
YHRCDELTA16,YGL165C,0.22642009539928154
YHRCDELTA16,YGL164C,0.4024956628588016
YHRCDELTA16,YGL163C,0.3475549595846908
YHRCDELTA16,YGL162W,0.10777538242863473
YHRCDELTA16,YGL161C,0.4236693386576133
YHRCDELTA16,YGL160W,0.5019250242045623
YHRCDELTA16,YGL159W,0.4040500992962606
YHRCDELTA16,YGL158W,0.17721645891271864
YHRCDELTA16,YGL157W,0.25517670098517475
YHRCDELTA16,YGL156W,0.2500478379082589
YHRCDELTA16,YGL155W,0.2538912153908324
YHRCDELTA16,YGL154C,0.2965340912374141
YHRCDELTA16,YGL152C,0.21594925191441497
YHRCDELTA16,YGL196W,0.40355052362506016
YHRCDELTA16,YGL195W,0.2368050016344872
YHRCDELTA16,YGL194C,0.22793943422348095
YHRCDELTA16,YGL193C,0.4207618562446359
YHRCDELTA16,YGL192W,0.4996156656652322
YHRCDELTA16,YGL191W,0.4188137392348115
YHRCDELTA16,YGL190C,0.5280513558447621
YHRCDELTA16,YGL189C,0.15696246921996823
YHRCDELTA16,YGL188C,0.29357791256810634
YHRCDELTA16,YGL187C,0.36149913503726283
YHRCDELTA16,YGL186C,-0.09230275713029658
YHRCDELTA16,YGL185C,0.382724490670226
YHRCDELTA16,YGL184C,-0.18961271643317926
YHRCDELTA16,YGL183C,0.1952471173094132
YHRCDELTA16,YGL182C,0.16148114567608451
YHRCDELTA16,YGL181W,0.21351679150315586
YHRCDELTA16,YGL180W,0.06126902354424498
YHRCDELTA16,YGL179C,0.3223727231266802
YHRCDELTA16,YGL177W,-0.19754306082690246
YHRCDELTA16,YGL178W,0.010935265638869136
YHRCDELTA16,YGL176C,0.5417796547309325
YHRCDELTA16,YGL175C,0.45877415533820787
YHRCDELTA16,YGL219C,0.3770643130682564
YHRCDELTA16,YGL218W,0.17625719718292843
YHRCDELTA16,YGL217C,0.43029148596095573
YHRCDELTA16,YGL216W,0.1612086060711377
YHRCDELTA16,YGL215W,-0.036468365794334795
YHRCDELTA16,YGL214W,0.09655578461324059
YHRCDELTA16,YGL213C,0.13311629611713022
YHRCDELTA16,YGL212W,0.2502861212808864
YHRCDELTA16,YGL211W,-0.09029359957610596
YHRCDELTA16,YGL210W,0.12532734779052826
YHRCDELTA16,YGL209W,0.2834138692480279
YHRCDELTA16,YGL208W,0.349416361512458
YHRCDELTA16,YGL207W,0.5412536623811066
YHRCDELTA16,YGL206C,0.5477590551152561
YHRCDELTA16,YGL205W,0.2557305684019623
YHRCDELTA16,YGL204C,0.587403086225802
YHRCDELTA16,YGL203C,0.2860970123772048
YHRCDELTA16,YGL202W,-0.06545178507038556
YHRCDELTA16,YGL201C,0.15176932574994953
YHRCDELTA16,YGL200C,0.29442870581907854
YHRCDELTA16,YGL199C,0.25341906942222714
YHRCDELTA16,YGL198W,0.2248478517822884
YHRCDELTA16,YGL197W,0.5504253370672971
YHRCDELTA16,YGL239C,0.01630761268562343
YHRCDELTA16,YGL238W,0.500060430746835
YHRCDELTA16,YGL237C,0.23991572664506042
YHRCDELTA16,YGL236C,0.10799855153361335
YHRCDELTA16,YGL235W,0.11269158963359657
YHRCDELTA16,YGL234W,-0.08099658988877884
YHRCDELTA16,YGL233W,0.5652106902563504
YHRCDELTA16,YGL232W,0.34904501103878255
YHRCDELTA16,YGL231C,0.5127133309688859
YHRCDELTA16,YGL230C,0.37471507621779726
YHRCDELTA16,YGL229C,0.3294497010562658
YHRCDELTA16,YGL228W,0.27906135596585513
YHRCDELTA16,YGL227W,0.44545017614346805
YHRCDELTA16,YGL226C-A,0.6822785196538154
YHRCDELTA16,YGL226W,0.31361797383626616
YHRCDELTA16,YGL225W,0.10493377512293392
YHRCDELTA16,YGL224C,0.2691689038207956
YHRCDELTA16,YGL223C,0.44947563037006383
YHRCDELTA16,YGL222C,0.22719035815197772
YHRCDELTA16,YGL221C,0.2391022025935254
YHRCDELTA16,YGL220W,0.43738935225854597
YHRCDELTA16,YGL261C,0.46865911204940613
YHRCDELTA16,YGL259W,0.3731718112080801
YHRCDELTA16,YGL258W,0.24262093909556698
YHRCDELTA16,YGL257C,0.3917062816194309
YHRCDELTA16,YGL256W,0.3217356872663176
YHRCDELTA16,YGL255W,-0.09806268951777221
YHRCDELTA16,YGL254W,0.3110988478637123
YHRCDELTA16,YGL253W,0.11116824978449125
YHRCDELTA16,YGL252C,0.26041201181555473
YHRCDELTA16,YGL251C,0.2792444759845797
YHRCDELTA16,YGL250W,0.48238526647558894
YHRCDELTA16,YGL249W,0.10157786496581134
YHRCDELTA16,YGL248W,0.16947855645932328
YHRCDELTA16,YGL247W,0.30571130472659125
YHRCDELTA16,YGL246C,-0.07122771245448009
YHRCDELTA16,YGL245W,0.18172262233013944
YHRCDELTA16,YGL244W,0.2382066347690008
YHRCDELTA16,YGL243W,0.13164996085276665
YHRCDELTA16,YGL242C,0.22315354634401074
YHRCDELTA16,YGL241W,0.37644203053943015
YHRCDELTA16,YGL240W,0.020769700665752847
YHRCDELTA16,YGL263W,0.3485992558442158
YHRCDELTA16,YGL262W,0.2532834240244234
YHRCDELTA16,YFR045W,0.2803280621592569
YHRCDELTA16,YFR046C,0.27389691159377505
YHRCDELTA16,YFR047C,0.5293082876835583
YHRCDELTA16,YFR048W,0.330742279075921
YHRCDELTA16,YFR049W,0.4610353630901184
YHRCDELTA16,YFR050C,0.32156319023177027
YHRCDELTA16,YFR051C,0.19754331321521318
YHRCDELTA16,YFR052W,0.421776360060409
YHRCDELTA16,YFR053C,0.3424804811034094
YHRCDELTA16,YFR054C,0.3338901850056165
YHRCDELTA16,YFR056C,0.032107617226088986
YHRCDELTA16,YFR055W,-0.04323469580563731
YHRCDELTA16,YFR057W,-0.10776457479794785
YHRCDELTA16,YFL043C,0.24947674334412284
YHRCDELTA16,YFL035C,0.11665685052315534
YHRCDELTA16,YFL021c-a,0.09723657421287583
YHRCDELTA16,YFL013w-a,0.3177905053854538
YHRCDELTA16,YFR036w-a,0.13394211535612097
YHRCDELTA16,YFL042C,0.39021544533780117
YHRCDELTA16,YFL031W,0.3228029452398207
YHRCDELTA16,YFR025C,0.17854559466376016
YHRCDELTA16,YFR026C,0.31317859925520775
YHRCDELTA16,YFR027W,0.3961468621343725
YHRCDELTA16,YFR028C,0.2190167396764211
YHRCDELTA16,YFR029W,0.3341884681051082
YHRCDELTA16,YFR030W,0.055886656217972105
YHRCDELTA16,YFR031C,0.39457099894160214
YHRCDELTA16,YFR031C-A,0.027850692664892887
YHRCDELTA16,YFR032C,-0.1173317665878433
YHRCDELTA16,YFR032C-A,0.055080987082241
YHRCDELTA16,YFR033C,0.3082023017200271
YHRCDELTA16,YFR034C,-0.1520116564371996
YHRCDELTA16,YFR035C,0.19326512987948524
YHRCDELTA16,YFR036W,-0.1195578646810506
YHRCDELTA16,YFR037C,-0.012166063218615226
YHRCDELTA16,YFR038W,0.11667991135927387
YHRCDELTA16,YFR039C,0.2790831209009084
YHRCDELTA16,YFR040W,0.18730689579061416
YHRCDELTA16,YFR041C,0.34789047405572276
YHRCDELTA16,YFR042W,0.3271947002523518
YHRCDELTA16,YFR043C,0.33071825362414553
YHRCDELTA16,YFR044C,0.25865871682352676
YHRCDELTA16,YFR002W,0.28515893042679064
YHRCDELTA16,YFR003C,0.27300445912092053
YHRCDELTA16,YFR004W,0.3588722992325676
YHRCDELTA16,YFR005C,0.23846389798961343
YHRCDELTA16,YFR006W,0.3171334806411037
YHRCDELTA16,YFR007W,0.12158122366582459
YHRCDELTA16,YFR008W,0.36751521530902914
YHRCDELTA16,YFR009W,-0.05811457779341002
YHRCDELTA16,YFR010W,0.11919477045663211
YHRCDELTA16,YFR011C,0.22265770132123075
YHRCDELTA16,YFR012W,0.1548852330753742
YHRCDELTA16,YFR013W,0.11348986371516985
YHRCDELTA16,YFR014C,0.22971077135357337
YHRCDELTA16,YFR015C,0.3355477381493568
YHRCDELTA16,YFR016C,0.35467227452392286
YHRCDELTA16,YFR017C,0.2962240900915011
YHRCDELTA16,YFR018C,0.19826695591599588
YHRCDELTA16,YFR019W,0.5689011046318372
YHRCDELTA16,YFR020W,0.15415600447608485
YHRCDELTA16,YFR021W,0.26789623372747373
YHRCDELTA16,YFR022W,0.08023057688974829
YHRCDELTA16,YFR023W,0.407434955646119
YHRCDELTA16,YFR024C-A,0.4324331100362334
YHRCDELTA16,YFL018C,0.1245572671820066
YHRCDELTA16,YFL017W-A,0.31322113385197253
YHRCDELTA16,YFL017C,0.49434548110134857
YHRCDELTA16,YFL016C,0.49253415466640726
YHRCDELTA16,YFL015C,0.3087015712687987
YHRCDELTA16,YFL014W,0.15482473697260715
YHRCDELTA16,YFL013C,0.28564210974827603
YHRCDELTA16,YFL012W,0.29008528265374034
YHRCDELTA16,YFL011W,0.3009441243713584
YHRCDELTA16,YFL011W-A,0.08855142888770909
YHRCDELTA16,YFL010C,-0.09925185441487762
YHRCDELTA16,YFL009W,0.2968501593225788
YHRCDELTA16,YFL008W,0.24611991369037356
YHRCDELTA16,YFL007W,0.1469470108681666
YHRCDELTA16,YFL006W,0.27216934387496794
YHRCDELTA16,YFL005W,0.5287157658470286
YHRCDELTA16,YFL004W,0.4695828240680916
YHRCDELTA16,YFL003C,0.19274034508065446
YHRCDELTA16,YFL002C,-0.006724269852818
YHRCDELTA16,YFL001W,-0.07668436312248517
YHRCDELTA16,YFR001W,0.08902684583941753
YHRCDELTA16,YFL044C,0.24080393361675284
YHRCDELTA16,YFL041W,0.23040521356881205
YHRCDELTA16,YFL040W,0.1995263245973374
YHRCDELTA16,YFL039C,0.31769911644029536
YHRCDELTA16,YFL038C,0.4465060932900125
YHRCDELTA16,YFL037W,0.43894572901200735
YHRCDELTA16,YFL036W,0.3916462939033319
YHRCDELTA16,YFL034C-A,0.027150003606542756
YHRCDELTA16,YFL034W,0.3436899647601606
YHRCDELTA16,YFL033C,0.23105076808413746
YHRCDELTA16,YFL032W,0.012304749065581117
YHRCDELTA16,YFL030W,0.33250765137324445
YHRCDELTA16,YFL029C,0.3400405985996802
YHRCDELTA16,YFL028C,0.17864604153575112
YHRCDELTA16,YFL027C,0.21630674772024758
YHRCDELTA16,YFL026W,0.25343112297167864
YHRCDELTA16,YFL025C,0.21758013688675776
YHRCDELTA16,YFL024C,0.4418070771701663
YHRCDELTA16,YFL023W,-0.10874270168791934
YHRCDELTA16,YFL022C,-0.15793784570172692
YHRCDELTA16,YFL021W,-0.17054431977547696
YHRCDELTA16,YFL020C,0.24633646550903304
YHRCDELTA16,YFL019C,0.09732052751551049
YHRCDELTA16,SNR53,0.050539847415715856
YHRCDELTA16,RPR1,0.45323978996423686
YHRCDELTA16,CEN5,0.07857203999123363
YHRCDELTA16,SNR14,0.36596859487412814
YHRCDELTA16,SNR4,0.17053255111851506
YHRCDELTA16,SNR52,0.2701798117925563
YHRCDELTA16,SCR1,-0.11852438462769478
YHRCDELTA16,YFL068W,0.03841001159412938
YHRCDELTA16,YFL067W,0.05797359082892508
YHRCDELTA16,YFL057C,0.041039760096678236
YHRCDELTA16,YFL056C,0.25466652761792996
YHRCDELTA16,YFL055W,-0.12804198242952158
YHRCDELTA16,YFL054C,0.07989434600693694
YHRCDELTA16,YFL053W,0.2473661307658049
YHRCDELTA16,YFL052W,0.14958248359062082
YHRCDELTA16,YFL051C,0.18583389297236227
YHRCDELTA16,YFL050C,0.25561106020479485
YHRCDELTA16,YFL049W,0.5877752027535098
YHRCDELTA16,YFL048C,0.6291182411005459
YHRCDELTA16,YFL047W,0.08557302911136756
YHRCDELTA16,YFL046W,0.601911495112853
YHRCDELTA16,YFL045C,0.34131876740339057
YHRCDELTA16,SNR67,0.17516219733977634
YHRCDELTA16,YER014c-a,0.2199423749896653
YHRCDELTA16,YER038w-a,0.268225963116566
YHRCDELTA16,YER046w-a,0.2033932570100958
YHRCDELTA16,YER067c-a,0.28027858150512375
YHRCDELTA16,YER068c-a,0.01745055260216808
YHRCDELTA16,YER145c-a,0.30212563083870675
YHRCDELTA16,YER148w-a,0.04611952094164359
YHRCDELTA16,YER165c-a,0.17437195629594301
YHRCDELTA16,YER172c-a,0.07944715440852552
YHRCDELTA16,YEL012W,0.45269934162281766
YHRCDELTA16,NC_001137,0.07303792057996611
YHRCDELTA16,YER172C,0.2831029750917865
YHRCDELTA16,YER173W,0.4529207987821605
YHRCDELTA16,YER174C,0.10374349331742062
YHRCDELTA16,YER175C,0.10097464861985184
YHRCDELTA16,YER176W,0.03504370134607894
YHRCDELTA16,YER177W,0.18257350412944984
YHRCDELTA16,YER178W,0.2902186226049015
YHRCDELTA16,YER179W,0.3539811232266299
YHRCDELTA16,YER180C,0.10207786133357019
YHRCDELTA16,YER181C,0.09397516944532257
YHRCDELTA16,YER182W,0.32679542875214557
YHRCDELTA16,YER183C,0.04579230460118575
YHRCDELTA16,YER184C,0.027573582759607796
YHRCDELTA16,YER185W,0.14587578796469675
YHRCDELTA16,YER186C,0.11885341788460961
YHRCDELTA16,YER187W,0.23196454755054208
YHRCDELTA16,YER188W,0.3624793834006372
YHRCDELTA16,YEL020W-A,0.4023505684007245
YHRCDELTA16,YER039C-A,0.1838491406444812
YHRCDELTA16,YER091C-A,0.20465835959577347
YHRCDELTA16,YER006c-a,0.06794434008665813
YHRCDELTA16,YER148W,0.041197422889412964
YHRCDELTA16,YER149C,-0.05319662250736738
YHRCDELTA16,YER150W,0.13987866418193245
YHRCDELTA16,YER151C,-0.011935295700470258
YHRCDELTA16,YER152C,0.10725081076374797
YHRCDELTA16,YER153C,-0.0413657401055755
YHRCDELTA16,YER154W,0.22917357711247957
YHRCDELTA16,YER155C,0.5983633698895001
YHRCDELTA16,YER156C,-0.03471614903121422
YHRCDELTA16,YER157W,0.2286545188341611
YHRCDELTA16,YER158C,-0.14602977609707565
YHRCDELTA16,YER159C,0.2999452852605633
YHRCDELTA16,YER161C,0.4066048205175472
YHRCDELTA16,YER162C,0.3030914863922859
YHRCDELTA16,YER163C,0.12152034320296003
YHRCDELTA16,YER164W,0.21370310404404388
YHRCDELTA16,YER165W,-0.06658460749526679
YHRCDELTA16,YER166W,0.3012144619283545
YHRCDELTA16,YER167W,0.03866152068913248
YHRCDELTA16,YER168C,0.040003427711140675
YHRCDELTA16,YER169W,-0.05142003770597843
YHRCDELTA16,YER170W,0.27858308210348315
YHRCDELTA16,YER171W,0.15740940004187462
YHRCDELTA16,YER125W,0.4246409738762153
YHRCDELTA16,YER126C,-0.09990283944919243
YHRCDELTA16,YER127W,-0.10119456674980094
YHRCDELTA16,YER128W,0.0937882805007423
YHRCDELTA16,YER129W,0.43633619440316845
YHRCDELTA16,YER130C,0.15539955089000138
YHRCDELTA16,YER131W,-0.13469011582595827
YHRCDELTA16,YER132C,-0.10609073026832742
YHRCDELTA16,YER133W,0.5606783686724663
YHRCDELTA16,YER134C,0.16170225523175724
YHRCDELTA16,YER135C,0.41250823871356007
YHRCDELTA16,YER136W,0.27774395354032816
YHRCDELTA16,YER137C,-0.07302523878254792
YHRCDELTA16,YER139C,0.2830651929574965
YHRCDELTA16,YER140W,0.07960705645393358
YHRCDELTA16,YER141W,0.2644952287611854
YHRCDELTA16,YER142C,0.3684387982533915
YHRCDELTA16,YER143W,0.17548440058683323
YHRCDELTA16,YER144C,0.1353155258887403
YHRCDELTA16,YER145C,0.004291686270271501
YHRCDELTA16,YER146W,0.3021603589696408
YHRCDELTA16,YER147C,0.2074688038796471
YHRCDELTA16,YER103W,0.12505011368390714
YHRCDELTA16,YER104W,0.12824136656322446
YHRCDELTA16,YER105C,0.3433294183641786
YHRCDELTA16,YER106W,0.2397854454802833
YHRCDELTA16,YER107C,0.22355696325106678
YHRCDELTA16,YER108C,0.1758946562847745
YHRCDELTA16,YER109C,-0.03619989414472144
YHRCDELTA16,YER110C,-0.12782009314537804
YHRCDELTA16,YER111C,0.23348230087775343
YHRCDELTA16,YER112W,0.39050839100647844
YHRCDELTA16,YER113C,0.19192787129954278
YHRCDELTA16,YER114C,0.11713318616925372
YHRCDELTA16,YER115C,0.1556725847986909
YHRCDELTA16,YER116C,0.0072717004780465415
YHRCDELTA16,YER118C,-0.04500367154712939
YHRCDELTA16,YER119C,0.11498490789951414
YHRCDELTA16,YER119C-A,0.14419000859309125
YHRCDELTA16,YER120W,0.1771860260149196
YHRCDELTA16,YER121W,0.2982324812275194
YHRCDELTA16,YER122C,0.3394043256508815
YHRCDELTA16,YER123W,0.6079019529688889
YHRCDELTA16,YER124C,0.22771552483761343
YHRCDELTA16,YER082C,-0.11043401925188225
YHRCDELTA16,YER083C,-0.045489292504097154
YHRCDELTA16,YER084W,0.14534248001730174
YHRCDELTA16,YER085C,-0.13562990705582972
YHRCDELTA16,YER086W,-0.14013912505432963
YHRCDELTA16,YER087W,0.1388980619461843
YHRCDELTA16,YER087C-A,0.03258454395311654
YHRCDELTA16,YER088C,0.16567336101419314
YHRCDELTA16,YER089C,0.24035019574999214
YHRCDELTA16,YER090W,0.17674476931389618
YHRCDELTA16,YER091C,0.05122731511182391
YHRCDELTA16,YER092W,0.32748680824037885
YHRCDELTA16,YER093C,0.33714314655545047
YHRCDELTA16,YER093C-A,0.3424159206755036
YHRCDELTA16,YER094C,0.22041130017564328
YHRCDELTA16,YER095W,0.3899111543921689
YHRCDELTA16,YER096W,-0.05644822526659078
YHRCDELTA16,YER097W,0.2715006671437379
YHRCDELTA16,YER098W,0.1930808941617224
YHRCDELTA16,YER099C,0.28508434508812175
YHRCDELTA16,YER100W,0.4427117107944858
YHRCDELTA16,YER101C,0.4314783866871756
YHRCDELTA16,YER062C,-0.14844775989416734
YHRCDELTA16,YER063W,0.29954646301710147
YHRCDELTA16,YER064C,-0.10962210984360858
YHRCDELTA16,YER065C,0.3837741814592344
YHRCDELTA16,YER066W,-0.07132659144870153
YHRCDELTA16,YER066C-A,0.09738469246684961
YHRCDELTA16,YER067W,0.3469568093815896
YHRCDELTA16,YER068W,0.4064572916312805
YHRCDELTA16,YER069W,0.0813297676726093
YHRCDELTA16,YER070W,0.0687117231205729
YHRCDELTA16,YER071C,0.5600218877066918
YHRCDELTA16,YER072W,0.10419980555865979
YHRCDELTA16,YER073W,-0.01587674563604078
YHRCDELTA16,YER074W,0.14096833073322385
YHRCDELTA16,YER075C,0.2419508184948607
YHRCDELTA16,YER076C,0.36401266969300394
YHRCDELTA16,YER077C,0.3063320221299636
YHRCDELTA16,YER078C,0.3534248707257503
YHRCDELTA16,YER079W,0.1133094775756794
YHRCDELTA16,YER080W,0.4805887361120127
YHRCDELTA16,YER081W,0.0027643109207419084
YHRCDELTA16,YER045C,-0.05671848286961342
YHRCDELTA16,YER046W,0.3418858129207534
YHRCDELTA16,YER047C,0.2252699165023918
YHRCDELTA16,YER048C,0.4944681955240738
YHRCDELTA16,YER048W-A,0.5113641996847976
YHRCDELTA16,YER049W,-0.10096008403013168
YHRCDELTA16,YER050C,0.27554687490831026
YHRCDELTA16,YER051W,0.29195461067987327
YHRCDELTA16,YER052C,-0.08004320797157458
YHRCDELTA16,YER053C,0.29619342394062054
YHRCDELTA16,YER054C,0.2773004811535641
YHRCDELTA16,YER055C,-0.15254144495513805
YHRCDELTA16,YER056C,-0.2457631776386301
YHRCDELTA16,YER056C-A,-0.11232706445256127
YHRCDELTA16,YER057C,-0.015325595854712985
YHRCDELTA16,YER058W,0.18443513527232275
YHRCDELTA16,YER059W,0.3606758005531921
YHRCDELTA16,YER060W,0.1000865681904291
YHRCDELTA16,YER060w-A,0.19071654788286643
YHRCDELTA16,YER061C,-0.0532271615329314
YHRCDELTA16,YER023W,0.26394935874631303
YHRCDELTA16,YER024W,0.33954710017822703
YHRCDELTA16,YER025W,-0.08617465813888997
YHRCDELTA16,YER026C,0.27434116782348017
YHRCDELTA16,YER027C,-0.11530095823758309
YHRCDELTA16,YER028C,0.05792062959711235
YHRCDELTA16,YER029C,-0.047437564020297834
YHRCDELTA16,YER030W,0.21696828534890508
YHRCDELTA16,YER031C,0.4365491726019734
YHRCDELTA16,YER032W,0.5262851762201816
YHRCDELTA16,YER033C,0.28236446366699247
YHRCDELTA16,YER034W,0.09395520875548087
YHRCDELTA16,YER035W,0.017816787805289596
YHRCDELTA16,YER036C,-0.07312437860379045
YHRCDELTA16,YER037W,0.06166309535814333
YHRCDELTA16,YER038C,0.13526275742241212
YHRCDELTA16,YER039C,0.12855661930102216
YHRCDELTA16,YER040W,0.2859646690320702
YHRCDELTA16,YER041W,0.06810049316621777
YHRCDELTA16,YER042W,0.3614619656564684
YHRCDELTA16,YER043C,0.10972320536291763
YHRCDELTA16,YER044C,0.5304308958879244
YHRCDELTA16,YER044C-A,-0.08418269868885069
YHRCDELTA16,YER002W,-0.08556227487744351
YHRCDELTA16,YER003C,0.3418893117715278
YHRCDELTA16,YER004W,0.1729862387235521
YHRCDELTA16,YER005W,0.11607008245353566
YHRCDELTA16,YER006W,-0.11951571438709367
YHRCDELTA16,YER007W,0.20513057385090738
YHRCDELTA16,YER007C-A,0.05709994233986488
YHRCDELTA16,YER008C,0.2828969958827543
YHRCDELTA16,YER009W,0.23808131831961288
YHRCDELTA16,YER010C,0.4660705217529889
YHRCDELTA16,YER011W,0.03328082041492242
YHRCDELTA16,YER012W,0.5645073215277856
YHRCDELTA16,YER013W,0.3091650763438489
YHRCDELTA16,YER014W,0.2249471009157081
YHRCDELTA16,YER015W,0.23543581010065462
YHRCDELTA16,YER016W,0.3925727035448006
YHRCDELTA16,YER017C,0.33730232987256653
YHRCDELTA16,YER018C,0.20052851958284437
YHRCDELTA16,YER019W,0.17347233761372416
YHRCDELTA16,YER019C-A,0.24278850097633803
YHRCDELTA16,YER020W,0.09978910641713917
YHRCDELTA16,YER021W,0.41748987186399444
YHRCDELTA16,YER022W,0.42376636868931783
YHRCDELTA16,YEL021W,0.011889027104059894
YHRCDELTA16,YEL020C,0.12008324165636972
YHRCDELTA16,YEL019C,-0.08463568400287047
YHRCDELTA16,YEL018W,0.25996709769737714
YHRCDELTA16,YEL017C-A,0.0018275965565127893
YHRCDELTA16,YEL017W,0.27516795735613114
YHRCDELTA16,YEL016C,0.3475934595127242
YHRCDELTA16,YEL015W,0.03012093682926349
YHRCDELTA16,YEL014C,0.1112717465556897
YHRCDELTA16,YEL013W,0.36767155816394953
YHRCDELTA16,YEL011W,0.24385326588618392
YHRCDELTA16,YEL010W,0.30534775145298404
YHRCDELTA16,YEL009C,0.15467742863705702
YHRCDELTA16,YEL008W,0.2119604369883126
YHRCDELTA16,YEL007W,0.07173084133567577
YHRCDELTA16,YEL006W,-0.05411388331802363
YHRCDELTA16,YEL005C,0.22141998544876138
YHRCDELTA16,YEL004W,-0.05432143052242235
YHRCDELTA16,YEL003W,0.2283492120482996
YHRCDELTA16,YEL002C,0.03758017311926323
YHRCDELTA16,YEL001C,0.3080886052652282
YHRCDELTA16,YER001W,0.06562292927780868
YHRCDELTA16,YEL043W,-0.06295820646781053
YHRCDELTA16,YEL042W,-0.11245323183859665
YHRCDELTA16,YEL041W,0.14775837317623047
YHRCDELTA16,YEL040W,-0.07648306362154181
YHRCDELTA16,YEL039C,0.3297091455733572
YHRCDELTA16,YEL038W,-0.10680537715896966
YHRCDELTA16,YEL037C,-0.16040100136440225
YHRCDELTA16,YEL036C,-0.1613475320539042
YHRCDELTA16,YEL035C,0.1656733858527699
YHRCDELTA16,YEL034W,0.3403442330427885
YHRCDELTA16,YEL033W,0.0929384495099022
YHRCDELTA16,YEL032W,-0.05315332865494202
YHRCDELTA16,YEL031W,0.29083770377655616
YHRCDELTA16,YEL030W,0.2939207289271472
YHRCDELTA16,YEL029C,0.1383498768654015
YHRCDELTA16,YEL028W,0.33047303629489294
YHRCDELTA16,YEL027W,0.14804932081517655
YHRCDELTA16,YEL026W,-0.13772311868879641
YHRCDELTA16,YEL025C,0.17564634762446543
YHRCDELTA16,YEL024W,0.2190625616507586
YHRCDELTA16,YEL023C,0.48895521941268755
YHRCDELTA16,YEL022W,0.19279146125780894
YHRCDELTA16,YEL065W,-0.026168106191034067
YHRCDELTA16,YEL064C,0.271764370924085
YHRCDELTA16,YEL063C,-0.16332855658068357
YHRCDELTA16,YEL062W,0.393317054561554
YHRCDELTA16,YEL061C,0.4489819377733695
YHRCDELTA16,YEL060C,0.15412557396512225
YHRCDELTA16,YEL059C-A,0.22129703482404958
YHRCDELTA16,YEL059W,0.17687969199309775
YHRCDELTA16,YEL058W,0.21061485080466733
YHRCDELTA16,YEL057C,0.29136372331372834
YHRCDELTA16,YEL056W,0.11580012249631262
YHRCDELTA16,YEL055C,-0.08474352232625133
YHRCDELTA16,YEL054C,0.013560174853683268
YHRCDELTA16,YEL053C,0.36541600628302484
YHRCDELTA16,YEL052W,0.26930613196680164
YHRCDELTA16,YEL051W,0.44134893314195006
YHRCDELTA16,YEL050C,0.23321558366316572
YHRCDELTA16,YEL049W,0.28864648898097833
YHRCDELTA16,YEL048C,0.08109619303956751
YHRCDELTA16,YEL047C,0.39489404025929514
YHRCDELTA16,YEL046C,-0.14012080653448988
YHRCDELTA16,YEL045C,0.013085717428087212
YHRCDELTA16,YEL044W,0.3292186489335608
YHRCDELTA16,SNR63,0.006050085586231615
YHRCDELTA16,CEN4,-0.03578602850034385
YHRCDELTA16,SNR47,0.08059341518763764
YHRCDELTA16,SNR13,-0.10318511814000406
YHRCDELTA16,YEL076W-C,-0.24051817623790153
YHRCDELTA16,YEL074W,0.24026565010691264
YHRCDELTA16,YEL073C,0.24621153248489921
YHRCDELTA16,YEL072W,-0.128008161813681
YHRCDELTA16,YEL071W,0.11372804067118555
YHRCDELTA16,YEL068C,0.15140437302200022
YHRCDELTA16,YEL067C,0.056187302493436404
YHRCDELTA16,YEL066W,0.20345811931646812
YHRCDELTA16,NC_001136,0.2823778921608335
YHRCDELTA16,YDR534C,0.2440617063788993
YHRCDELTA16,YDR535C,0.16664619948477888
YHRCDELTA16,YDR536W,0.20951381046041237
YHRCDELTA16,YDR537C,0.007127855471561218
YHRCDELTA16,YDR538W,0.1329842026978245
YHRCDELTA16,YDR539W,0.35437370592860334
YHRCDELTA16,YDR540C,0.21743078875544106
YHRCDELTA16,YDR541C,0.17188780171310644
YHRCDELTA16,YDR525W-A,0.2411403220426799
YHRCDELTA16,YDL184w-a,0.20148999038575455
YHRCDELTA16,YDL085c-a,0.3572444187420012
YHRCDELTA16,YDR524w-a,0.27719277632149386
YHRCDELTA16,YDR524c-a,0.16538823229987035
YHRCDELTA16,YDL048C,0.22280413031473345
YHRCDELTA16,YDR511W,0.35987753228748837
YHRCDELTA16,YDR512C,0.46666215022866336
YHRCDELTA16,YDR513W,0.3376537472561445
YHRCDELTA16,YDR514C,0.026403881131534888
YHRCDELTA16,YDR515W,0.3602720198272692
YHRCDELTA16,YDR516C,0.274849849087942
YHRCDELTA16,YDR517W,0.234674804404866
YHRCDELTA16,YDR518W,0.2798696080131994
YHRCDELTA16,YDR519W,0.502192607002979
YHRCDELTA16,YDR520C,0.43452182957473945
YHRCDELTA16,YDR521W,0.14470085013339387
YHRCDELTA16,YDR522C,0.06952422190906746
YHRCDELTA16,YDR523C,0.4001255836985102
YHRCDELTA16,YDR524C,0.15793966384499986
YHRCDELTA16,YDR525W,0.012691491213927852
YHRCDELTA16,YDR526C,-0.17717008366837553
YHRCDELTA16,YDR527W,-0.1621322208886446
YHRCDELTA16,YDR528W,-0.12733639000028182
YHRCDELTA16,YDR529C,0.12293986039282785
YHRCDELTA16,YDR530C,0.11687935613347136
YHRCDELTA16,YDR531W,0.1391984341979576
YHRCDELTA16,YDR532C,0.27303168122742855
YHRCDELTA16,YDR533C,-0.19939877295883535
YHRCDELTA16,YDR489W,-0.052845333493228924
YHRCDELTA16,YDR490C,0.13992306091779777
YHRCDELTA16,YDR491C,0.1798775230002016
YHRCDELTA16,YDR492W,0.20211852765159052
YHRCDELTA16,YDR493W,0.1394412286216462
YHRCDELTA16,YDR494W,0.22588084483232143
YHRCDELTA16,YDR495C,0.22220081034114333
YHRCDELTA16,YDR496C,-0.11736302811901494
YHRCDELTA16,YDR497C,0.14619069386801892
YHRCDELTA16,YDR498C,-0.08596700101531624
YHRCDELTA16,YDR499W,0.11637333073562683
YHRCDELTA16,YDR500C,-0.12307959622663793
YHRCDELTA16,YDR501W,0.1942018371120575
YHRCDELTA16,YDR502C,0.0550813807563346
YHRCDELTA16,YDR503C,0.22681707331226494
YHRCDELTA16,YDR504C,0.35149472711785745
YHRCDELTA16,YDR505C,0.5196922546189603
YHRCDELTA16,YDR506C,0.09112568132931678
YHRCDELTA16,YDR507C,0.08997464585632672
YHRCDELTA16,YDR508C,-0.10145015734080311
YHRCDELTA16,YDR509W,-0.0994103882894708
YHRCDELTA16,YDR510W,0.37112730520619924
YHRCDELTA16,YDR466W,-0.05268960155172803
YHRCDELTA16,YDR467C,0.07407849073448354
YHRCDELTA16,YDR468C,0.433880952544954
YHRCDELTA16,YDR469W,0.28993822011519627
YHRCDELTA16,YDR470C,0.5129621510124199
YHRCDELTA16,YDR471W,0.11143340330389316
YHRCDELTA16,YDR472W,-0.07622835325456453
YHRCDELTA16,YDR473C,0.30480790088107335
YHRCDELTA16,YDR474C,0.0700065856966054
YHRCDELTA16,YDR475C,-0.021994913667543078
YHRCDELTA16,YDR476C,0.10284800697683096
YHRCDELTA16,YDR477W,0.3030939917553378
YHRCDELTA16,YDR478W,-0.047964540773514044
YHRCDELTA16,YDR479C,0.3705762724696795
YHRCDELTA16,YDR480W,0.2405729564884253
YHRCDELTA16,YDR481C,0.17884229203020238
YHRCDELTA16,YDR482C,-0.13279149329741435
YHRCDELTA16,YDR483W,0.15234888704047136
YHRCDELTA16,YDR484W,0.3656536398808046
YHRCDELTA16,YDR485C,0.18998395552892036
YHRCDELTA16,YDR486C,0.35321194305785036
YHRCDELTA16,YDR487C,0.2252410458978753
YHRCDELTA16,YDR488C,0.282650451975971
YHRCDELTA16,YDR442W,0.1317882242010579
YHRCDELTA16,YDR443C,0.3044494457566298
YHRCDELTA16,YDR444W,0.31634544794089925
YHRCDELTA16,YDR445C,0.0830659293978407
YHRCDELTA16,YDR446W,-0.16614957343293293
YHRCDELTA16,YDR448W,0.16905514084367745
YHRCDELTA16,YDR449C,-0.08940733230320022
YHRCDELTA16,YDR451C,0.18505343859519094
YHRCDELTA16,YDR452W,0.4474167881478913
YHRCDELTA16,YDR453C,0.39578466796348377
YHRCDELTA16,YDR454C,0.06820181611405514
YHRCDELTA16,YDR455C,0.16820407759882391
YHRCDELTA16,YDR456W,0.24475063428985888
YHRCDELTA16,YDR457W,0.3689059260613049
YHRCDELTA16,YDR458C,0.30258871971360146
YHRCDELTA16,YDR459C,0.08417464519450135
YHRCDELTA16,YDR460W,0.05281799767518999
YHRCDELTA16,YDR461W,0.17779167520533468
YHRCDELTA16,YDR462W,0.1203678689052421
YHRCDELTA16,YDR463W,-0.028721643166574697
YHRCDELTA16,YDR464W,-0.01626171874545857
YHRCDELTA16,YDR465C,-0.20796615131135202
YHRCDELTA16,YDR420W,0.04077194532064477
YHRCDELTA16,YDR421W,0.3909693058742608
YHRCDELTA16,YDR422C,0.07674577018065207
YHRCDELTA16,YDR423C,0.148781209842584
YHRCDELTA16,YDR424C,0.3502767792058003
YHRCDELTA16,YDR425W,0.1392703128096126
YHRCDELTA16,YDR426C,0.11628252429441041
YHRCDELTA16,YDR427W,0.1020681069820978
YHRCDELTA16,YDR428C,-0.10336753092469916
YHRCDELTA16,YDR429C,-0.13168608519796227
YHRCDELTA16,YDR430C,0.20145306418316117
YHRCDELTA16,YDR431W,-0.12871207704100793
YHRCDELTA16,YDR432W,-0.11854711256779873
YHRCDELTA16,YDR433W,-0.07268560650769282
YHRCDELTA16,YDR434W,0.32475084288267914
YHRCDELTA16,YDR435C,0.4019091689572623
YHRCDELTA16,YDR436W,0.29814493830796857
YHRCDELTA16,YDR437W,0.04816687452611844
YHRCDELTA16,YDR438W,0.28955972342510317
YHRCDELTA16,YDR439W,-0.030986191293299457
YHRCDELTA16,YDR440W,0.15315962261327287
YHRCDELTA16,YDR441C,0.05680382622830917
YHRCDELTA16,YDR398W,-0.151106805382843
YHRCDELTA16,YDR399W,-0.16742221857745193
YHRCDELTA16,YDR400W,0.08563744547734133
YHRCDELTA16,YDR402C,0.24919375663879856
YHRCDELTA16,YDR401W,0.21448958065699544
YHRCDELTA16,YDR403W,0.4824604186549209
YHRCDELTA16,YDR404C,0.2955182120210122
YHRCDELTA16,YDR405W,0.24088348500293283
YHRCDELTA16,YDR406W,0.23019344699351926
YHRCDELTA16,YDR407C,0.2954734640361475
YHRCDELTA16,YDR408C,-0.12182656067530873
YHRCDELTA16,YDR409W,0.35874624302933317
YHRCDELTA16,YDR410C,0.1657299478036535
YHRCDELTA16,YDR411C,0.2441506866728745
YHRCDELTA16,YDR413C,-0.07762406700196493
YHRCDELTA16,YDR412W,-0.06670909891057084
YHRCDELTA16,YDR414C,0.25386244395557117
YHRCDELTA16,YDR415C,0.026688084490111227
YHRCDELTA16,YDR416W,0.09039573854471014
YHRCDELTA16,YDR417C,0.15119744645935407
YHRCDELTA16,YDR418W,0.014193601717881227
YHRCDELTA16,YDR419W,0.29321490498641606
YHRCDELTA16,YDR375C,0.19661489158983556
YHRCDELTA16,YDR376W,0.1639587227597248
YHRCDELTA16,YDR377W,0.46730469998804597
YHRCDELTA16,YDR378C,0.37563924778912006
YHRCDELTA16,YDR379W,0.519902539663986
YHRCDELTA16,YDR380W,0.21089364547640627
YHRCDELTA16,YDR381W,0.31522565668069397
YHRCDELTA16,YDR382W,-0.00964714268631079
YHRCDELTA16,YDR383C,0.4431313674146785
YHRCDELTA16,YDR384C,0.15770504458170487
YHRCDELTA16,YDR386W,0.5687571275685014
YHRCDELTA16,YDR387C,0.17824196130486727
YHRCDELTA16,YDR388W,0.22956191776244755
YHRCDELTA16,YDR389W,0.20139572223992783
YHRCDELTA16,YDR390C,0.4240600011993368
YHRCDELTA16,YDR391C,0.06280779807461254
YHRCDELTA16,YDR392W,0.32818339595751805
YHRCDELTA16,YDR393W,0.06580625995416697
YHRCDELTA16,YDR394W,0.010830788758596567
YHRCDELTA16,YDR395W,-0.13170832373468735
YHRCDELTA16,YDR396W,0.05770367036370003
YHRCDELTA16,YDR397C,0.09524862482885617
YHRCDELTA16,YDR354W,0.08818998876786502
YHRCDELTA16,YDR355C,0.22110084430227883
YHRCDELTA16,YDR356W,0.45941345028665137
YHRCDELTA16,YDR357C,0.37341518449238825
YHRCDELTA16,YDR358W,0.2077743396104056
YHRCDELTA16,YDR359C,0.18055292314341465
YHRCDELTA16,YDR360W,0.12472778981740888
YHRCDELTA16,YDR361C,-0.12713272107060827
YHRCDELTA16,YDR362C,0.07281389556751362
YHRCDELTA16,YDR363W,-0.05483780767776433
YHRCDELTA16,YDR363W-A,0.47554702369920643
YHRCDELTA16,YDR364C,-0.0579537404229997
YHRCDELTA16,YDR365C,-0.0747562754204872
YHRCDELTA16,YDR366C,0.38612234533409057
YHRCDELTA16,YDR367W,0.3003072392590514
YHRCDELTA16,YDR368W,0.2943449072881752
YHRCDELTA16,YDR369C,0.4364734395539114
YHRCDELTA16,YDR370C,0.3875412738452474
YHRCDELTA16,YDR371W,0.5090277719108512
YHRCDELTA16,YDR372C,0.42189119109057954
YHRCDELTA16,YDR373W,0.4578450717724027
YHRCDELTA16,YDR374C,0.3410306960190166
YHRCDELTA16,YDR331W,-0.05442614627389933
YHRCDELTA16,YDR332W,0.08987163790879346
YHRCDELTA16,YDR333C,-0.019925910810575344
YHRCDELTA16,YDR334W,0.06637673354607934
YHRCDELTA16,YDR335W,0.22899886034027267
YHRCDELTA16,YDR336W,0.47108423453333725
YHRCDELTA16,YDR337W,0.2789797600395134
YHRCDELTA16,YDR338C,0.3578355427705837
YHRCDELTA16,YDR339C,-0.033350649038351575
YHRCDELTA16,YDR340W,-0.18904268772594868
YHRCDELTA16,YDR341C,-0.03199932212102891
YHRCDELTA16,YDR342C,0.3452265041133392
YHRCDELTA16,YDR343C,0.4252394209663125
YHRCDELTA16,YDR344C,0.1625571456770052
YHRCDELTA16,YDR345C,0.2067622434202096
YHRCDELTA16,YDR346C,0.32035472184778935
YHRCDELTA16,YDR347W,0.18253397044544753
YHRCDELTA16,YDR348C,0.020569806738947982
YHRCDELTA16,YDR349C,0.1936563461919822
YHRCDELTA16,YDR350C,0.3648508000367526
YHRCDELTA16,YDR351W,0.44722577372988603
YHRCDELTA16,YDR352W,-0.005738680117855676
YHRCDELTA16,YDR353W,0.0528125645889555
YHRCDELTA16,YDR310C,0.08136210725732479
YHRCDELTA16,YDR311W,0.3576319278332
YHRCDELTA16,YDR312W,-0.0025247140917003044
YHRCDELTA16,YDR313C,0.24379512557527494
YHRCDELTA16,YDR314C,0.3100100879566908
YHRCDELTA16,YDR315C,0.46895794200670887
YHRCDELTA16,YDR316W,0.2143157267098961
YHRCDELTA16,YDR317W,0.28161157477296994
YHRCDELTA16,YDR318W,0.5863429744715764
YHRCDELTA16,YDR319C,0.49173571514636555
YHRCDELTA16,YDR320C,0.4101630416773935
YHRCDELTA16,YDR321W,-0.1697207719164107
YHRCDELTA16,YDR322W,0.23676212454646658
YHRCDELTA16,YDR322C-A,0.2675173048590173
YHRCDELTA16,YDR323C,0.4006863207367058
YHRCDELTA16,YDR324C,-0.0696512532005857
YHRCDELTA16,YDR325W,0.2015379836146684
YHRCDELTA16,YDR326C,0.0594715051168566
YHRCDELTA16,YDR327W,0.17317618725383108
YHRCDELTA16,YDR328C,0.13919846665764846
YHRCDELTA16,YDR329C,0.0664632168237624
YHRCDELTA16,YDR330W,0.10421210846901836
YHRCDELTA16,YDR289C,0.5372086737437818
YHRCDELTA16,YDR290W,0.1824657467932196
YHRCDELTA16,YDR291W,0.15833258117579502
YHRCDELTA16,YDR292C,0.16393710029155023
YHRCDELTA16,YDR293C,0.2045337381700613
YHRCDELTA16,YDR294C,0.11917943845745943
YHRCDELTA16,YDR295C,0.28968197372888854
YHRCDELTA16,YDR296W,0.1391691079508337
YHRCDELTA16,YDR297W,-0.11909181640905725
YHRCDELTA16,YDR298C,0.13971902506297082
YHRCDELTA16,YDR299W,-0.11930591262285949
YHRCDELTA16,YDR300C,-0.08333393820847498
YHRCDELTA16,YDR301W,0.02667094802247011
YHRCDELTA16,YDR302W,0.07456657091594202
YHRCDELTA16,YDR303C,0.04466621137061556
YHRCDELTA16,YDR304C,0.11653659580796304
YHRCDELTA16,YDR305C,0.3432226197908648
YHRCDELTA16,YDR306C,0.20081863857400242
YHRCDELTA16,YDR307W,0.36466419883270174
YHRCDELTA16,YDR308C,0.2877442773835479
YHRCDELTA16,YDR309C,-0.06363177749873082
YHRCDELTA16,YDR267C,0.05202384579151528
YHRCDELTA16,YDR268W,0.081529605048463
YHRCDELTA16,YDR269C,-0.2052629013831251
YHRCDELTA16,YDR270W,0.03124363537087742
YHRCDELTA16,YDR271C,-0.012086746305938862
YHRCDELTA16,YDR272W,0.299156752975639
YHRCDELTA16,YDR273W,0.5522770313576709
YHRCDELTA16,YDR274C,0.2520558837749075
YHRCDELTA16,YDR275W,0.39544686629568154
YHRCDELTA16,YDR276C,0.30058229820410753
YHRCDELTA16,YDR277C,0.3001864212218242
YHRCDELTA16,YDR278C,0.26375788850480614
YHRCDELTA16,YDR279W,0.30202542156225165
YHRCDELTA16,YDR280W,0.0876501371124279
YHRCDELTA16,YDR281C,-0.003394903207466763
YHRCDELTA16,YDR282C,0.478485268292992
YHRCDELTA16,YDR283C,0.5292695216995403
YHRCDELTA16,YDR284C,0.28897059995058777
YHRCDELTA16,YDR285W,0.39636378250792487
YHRCDELTA16,YDR286C,0.43138168772464514
YHRCDELTA16,YDR287W,0.43302777390179326
YHRCDELTA16,YDR288W,0.4996701987635874
YHRCDELTA16,YDR244W,0.31055838052780155
YHRCDELTA16,YDR245W,0.11323958707483685
YHRCDELTA16,YDR246W,0.11897929181957445
YHRCDELTA16,YDR247W,0.3394888429112635
YHRCDELTA16,YDR248C,0.40459190436270637
YHRCDELTA16,YDR249C,0.16907998875823724
YHRCDELTA16,YDR250C,0.22932103154610012
YHRCDELTA16,YDR251W,0.0705779800324118
YHRCDELTA16,YDR252W,0.3327250247900314
YHRCDELTA16,YDR253C,-0.1074412881621392
YHRCDELTA16,YDR254W,0.5056842003727673
YHRCDELTA16,YDR255C,0.249381317398604
YHRCDELTA16,YDR256C,0.2134364018845812
YHRCDELTA16,YDR257C,0.122811000427429
YHRCDELTA16,YDR258C,0.4134121139043672
YHRCDELTA16,YDR259C,0.265117051329331
YHRCDELTA16,YDR260C,0.0008189894068957652
YHRCDELTA16,YDR261C,0.2096560307265614
YHRCDELTA16,YDR262W,0.011050096786882534
YHRCDELTA16,YDR263C,0.06834698340005889
YHRCDELTA16,YDR264C,0.042240739228746084
YHRCDELTA16,YDR265W,0.26517333445595265
YHRCDELTA16,YDR266C,-0.15123850706459233
YHRCDELTA16,YDR221W,0.3131953013433051
YHRCDELTA16,YDR222W,-0.1562074239743785
YHRCDELTA16,YDR223W,0.25646063889217774
YHRCDELTA16,YDR224C,0.4692719842204973
YHRCDELTA16,YDR225W,0.35424504551667446
YHRCDELTA16,YDR226W,0.05846868771814217
YHRCDELTA16,YDR227W,0.376344011290004
YHRCDELTA16,YDR228C,0.2895711864649032
YHRCDELTA16,YDR229W,0.13001561483204035
YHRCDELTA16,YDR230W,0.09421340217041395
YHRCDELTA16,YDR231C,0.1863740951167145
YHRCDELTA16,YDR232W,-0.08032109153630505
YHRCDELTA16,YDR233C,-0.14537546713255647
YHRCDELTA16,YDR234W,-0.22874488026144096
YHRCDELTA16,YDR235W,-0.07807175462418213
YHRCDELTA16,YDR236C,0.20907388688585074
YHRCDELTA16,YDR237W,0.11768105042880016
YHRCDELTA16,YDR238C,-0.07689030310270298
YHRCDELTA16,YDR239C,0.22288114780046245
YHRCDELTA16,YDR240C,0.1440397365614164
YHRCDELTA16,YDR241W,-0.14652387564506328
YHRCDELTA16,YDR242W,0.1775920411032925
YHRCDELTA16,YDR243C,0.014491794559421366
YHRCDELTA16,YDR198C,0.02755559397648805
YHRCDELTA16,YDR199W,0.10211593230395855
YHRCDELTA16,YDR200C,0.26051237062895183
YHRCDELTA16,YDR201W,0.11934966234250838
YHRCDELTA16,YDR202C,0.14827843345776404
YHRCDELTA16,YDR203W,0.17510431395881637
YHRCDELTA16,YDR204W,0.13832584383372373
YHRCDELTA16,YDR205W,0.26361794518499887
YHRCDELTA16,YDR206W,0.10191854627373224
YHRCDELTA16,YDR207C,-0.0322683562232258
YHRCDELTA16,YDR208W,0.18253273307217366
YHRCDELTA16,YDR209C,0.29734378627147967
YHRCDELTA16,YDR210W,0.15372830521800296
YHRCDELTA16,YDR211W,-0.028283600319984847
YHRCDELTA16,YDR212W,0.1654732517733091
YHRCDELTA16,YDR213W,-0.02808732294664423
YHRCDELTA16,YDR214W,0.15415790951493563
YHRCDELTA16,YDR215C,0.4250472221333309
YHRCDELTA16,YDR216W,0.3352598426945493
YHRCDELTA16,YDR217C,0.31686746805390315
YHRCDELTA16,YDR218C,0.37184277264318394
YHRCDELTA16,YDR219C,0.5710873553703589
YHRCDELTA16,YDR220C,0.10616263319004209
YHRCDELTA16,YDR177W,0.22035994755528635
YHRCDELTA16,YDR178W,0.2947358304738033
YHRCDELTA16,YDR179C,0.5874473671050618
YHRCDELTA16,YDR179W-A,0.4529353799268109
YHRCDELTA16,YDR180W,0.32814517849147107
YHRCDELTA16,YDR181C,0.4203702239523803
YHRCDELTA16,YDR182W,0.4247657902683012
YHRCDELTA16,YDR183W,0.3546050832136334
YHRCDELTA16,YDR184C,-0.13284657236269687
YHRCDELTA16,YDR185C,0.2509857234376567
YHRCDELTA16,YDR186C,0.18076540628127016
YHRCDELTA16,YDR187C,0.3382966108700556
YHRCDELTA16,YDR188W,0.20280729144424797
YHRCDELTA16,YDR189W,0.452605174679309
YHRCDELTA16,YDR190C,0.07003710442090175
YHRCDELTA16,YDR191W,0.1605614396929336
YHRCDELTA16,YDR192C,0.2412562967198486
YHRCDELTA16,YDR193W,-0.07177123485099075
YHRCDELTA16,YDR194C,0.1687852454369736
YHRCDELTA16,YDR195W,0.15158387466149398
YHRCDELTA16,YDR196C,0.26229824146686564
YHRCDELTA16,YDR197W,0.2607174937864216
YHRCDELTA16,YDR154C,0.28232131763877244
YHRCDELTA16,YDR155C,0.339380015628872
YHRCDELTA16,YDR156W,-0.13573248221665002
YHRCDELTA16,YDR157W,0.3200789119863202
YHRCDELTA16,YDR158W,0.06030504690391243
YHRCDELTA16,YDR159W,0.43989855129918515
YHRCDELTA16,YDR160W,0.2567967010151393
YHRCDELTA16,YDR161W,-0.06967779931060371
YHRCDELTA16,YDR162C,0.24337362043933378
YHRCDELTA16,YDR163W,0.12135013200500887
YHRCDELTA16,YDR164C,0.006238985887660858
YHRCDELTA16,YDR165W,-0.13803534485501537
YHRCDELTA16,YDR166C,0.2119036632616284
YHRCDELTA16,YDR167W,0.06634852369172328
YHRCDELTA16,YDR168W,0.16612091590998287
YHRCDELTA16,YDR169C,0.09970588914739062
YHRCDELTA16,YDR170C,0.07468254008223042
YHRCDELTA16,YDR171W,0.09642440186808468
YHRCDELTA16,YDR172W,-0.09095230401763986
YHRCDELTA16,YDR173C,0.3948793036943262
YHRCDELTA16,YDR174W,0.19362888631995695
YHRCDELTA16,YDR175C,0.18605251537903514
YHRCDELTA16,YDR176W,0.5259638110940382
YHRCDELTA16,YDR133C,0.24251941085822404
YHRCDELTA16,YDR135C,-0.031449851052664846
YHRCDELTA16,YDR136C,-0.013362820770099378
YHRCDELTA16,YDR137W,0.24353701647624534
YHRCDELTA16,YDR138W,0.13584311271369218
YHRCDELTA16,YDR139C,0.16252740848316954
YHRCDELTA16,YDR140W,0.025305716017185915
YHRCDELTA16,YDR141C,0.3330895062548298
YHRCDELTA16,YDR142C,0.21657890837253083
YHRCDELTA16,YDR143C,0.01822496447178101
YHRCDELTA16,YDR144C,0.08451311482071353
YHRCDELTA16,YDR145W,0.3488667538690353
YHRCDELTA16,YDR146C,0.17578318589906827
YHRCDELTA16,YDR147W,0.49511903080725383
YHRCDELTA16,YDR148C,0.3007327296260236
YHRCDELTA16,YDR149C,0.10591097172992282
YHRCDELTA16,YDR150W,0.340640260849516
YHRCDELTA16,YDR151C,0.10983141193798941
YHRCDELTA16,YDR152W,0.0319754932301961
YHRCDELTA16,YDR153C,-0.06002797626059778
YHRCDELTA16,YDR111C,0.11633813139051583
YHRCDELTA16,YDR112W,0.19188086107492336
YHRCDELTA16,YDR113C,0.24957220274447323
YHRCDELTA16,YDR114C,0.1316529774251672
YHRCDELTA16,YDR115W,0.24264393057729366
YHRCDELTA16,YDR116C,0.13855584014764527
YHRCDELTA16,YDR117C,0.1477611581163429
YHRCDELTA16,YDR118W,0.31082313607950485
YHRCDELTA16,YDR119W,0.24200988259194522
YHRCDELTA16,YDR120C,-0.07913655101702496
YHRCDELTA16,YDR121W,0.20280138455718125
YHRCDELTA16,YDR122W,0.327331195362911
YHRCDELTA16,YDR123C,-0.030092171382404033
YHRCDELTA16,YDR124W,0.08855092115938168
YHRCDELTA16,YDR125C,0.20551251454486055
YHRCDELTA16,YDR126W,0.31366857870259773
YHRCDELTA16,YDR127W,0.18628702246509485
YHRCDELTA16,YDR128W,0.39525067247161505
YHRCDELTA16,YDR129C,0.44159875147785255
YHRCDELTA16,YDR130C,0.33106640522602526
YHRCDELTA16,YDR131C,0.2952587275477798
YHRCDELTA16,YDR132C,0.07405808784824104
YHRCDELTA16,YDR089W,-0.10525581178532538
YHRCDELTA16,YDR090C,0.03635847410728066
YHRCDELTA16,YDR091C,-0.13135925018710334
YHRCDELTA16,YDR092W,0.04286824491069963
YHRCDELTA16,YDR093W,0.03266985132992121
YHRCDELTA16,YDR094W,0.19697997265464412
YHRCDELTA16,YDR095C,0.29493754817042905
YHRCDELTA16,YDR096W,0.41925954527205916
YHRCDELTA16,YDR097C,0.1457462359822121
YHRCDELTA16,YDR098C,-0.06895274075546175
YHRCDELTA16,YDR099W,0.2640692077200734
YHRCDELTA16,YDR100W,0.21866468062476174
YHRCDELTA16,YDR101C,-0.14344557565709853
YHRCDELTA16,YDR102C,0.1181696163468906
YHRCDELTA16,YDR103W,0.11698563188262862
YHRCDELTA16,YDR104C,0.07976475031914808
YHRCDELTA16,YDR105C,0.08418955339979547
YHRCDELTA16,YDR106W,0.18870335150402928
YHRCDELTA16,YDR107C,0.21712676759174473
YHRCDELTA16,YDR108W,0.22272441459864353
YHRCDELTA16,YDR109C,0.06461750238370595
YHRCDELTA16,YDR110W,0.03371371005120711
YHRCDELTA16,YDR067C,0.27314436348727145
YHRCDELTA16,YDR068W,0.2387469837420042
YHRCDELTA16,YDR069C,0.20580780219302003
YHRCDELTA16,YDR070C,0.11483279650574334
YHRCDELTA16,YDR071C,0.2296172443586036
YHRCDELTA16,YDR072C,0.2090554154553153
YHRCDELTA16,YDR073W,0.19277599722797634
YHRCDELTA16,YDR074W,0.13785300293224073
YHRCDELTA16,YDR075W,-0.1379862857775489
YHRCDELTA16,YDR076W,0.2953889626319853
YHRCDELTA16,YDR077W,0.07371007491437187
YHRCDELTA16,YDR078C,0.2712781176756463
YHRCDELTA16,YDR079W,0.21429232157491482
YHRCDELTA16,YDR080W,0.38969158849709273
YHRCDELTA16,YDR081C,0.06577784899602945
YHRCDELTA16,YDR082W,0.5573818343979543
YHRCDELTA16,YDR083W,-0.104526052235949
YHRCDELTA16,YDR084C,0.276799794605071
YHRCDELTA16,YDR085C,0.22311633162330896
YHRCDELTA16,YDR086C,0.5244374234006853
YHRCDELTA16,YDR087C,-0.0811661917736322
YHRCDELTA16,YDR088C,0.3507159630541872
YHRCDELTA16,YDR044W,0.10899218878241396
YHRCDELTA16,YDR045C,0.039046169179247095
YHRCDELTA16,YDR046C,0.0108691708895525
YHRCDELTA16,YDR047W,0.25349287259124476
YHRCDELTA16,YDR048C,0.03832292432787875
YHRCDELTA16,YDR049W,0.043920946267569046
YHRCDELTA16,YDR050C,0.3467784329036298
YHRCDELTA16,YDR051C,0.15811844425716706
YHRCDELTA16,YDR052C,0.300593070435952
YHRCDELTA16,YDR053W,-0.05437273820047791
YHRCDELTA16,YDR054C,0.04043359314394021
YHRCDELTA16,YDR055W,0.1625007915269739
YHRCDELTA16,YDR056C,0.43829652241467987
YHRCDELTA16,YDR057W,0.32757981739732484
YHRCDELTA16,YDR058C,0.32328172063328386
YHRCDELTA16,YDR059C,0.2672379001951369
YHRCDELTA16,YDR060W,-0.035485974954689525
YHRCDELTA16,YDR061W,0.305856016093252
YHRCDELTA16,YDR062W,0.09615057245858397
YHRCDELTA16,YDR063W,0.3932877468390809
YHRCDELTA16,YDR064W,-0.08339363083126455
YHRCDELTA16,YDR065W,0.05127818558152856
YHRCDELTA16,YDR066C,0.2475687406099607
YHRCDELTA16,YDR021W,-0.1020445581398657
YHRCDELTA16,YDR022C,0.37029398378743195
YHRCDELTA16,YDR023W,0.05855128031873878
YHRCDELTA16,YDR024W,0.15280243981768843
YHRCDELTA16,YDR026C,0.006060794516239768
YHRCDELTA16,YDR027C,0.28301379056122
YHRCDELTA16,YDR028C,0.455691421201588
YHRCDELTA16,YDR029W,0.2825739829798253
YHRCDELTA16,YDR030C,0.21281839601460292
YHRCDELTA16,YDR031W,0.46653717575575915
YHRCDELTA16,YDR032C,0.27605884384876683
YHRCDELTA16,YDR033W,-0.14664782350322067
YHRCDELTA16,YDR034C,0.22769488374612473
YHRCDELTA16,YDR034W-B,0.23379337213484627
YHRCDELTA16,YDR035W,0.027764553801731946
YHRCDELTA16,YDR036C,0.34586178430692877
YHRCDELTA16,YDR037W,-0.15339833794185975
YHRCDELTA16,YDR038C,-0.14075886993053113
YHRCDELTA16,YDR039C,0.047828965921500655
YHRCDELTA16,YDR041W,0.059523746439031376
YHRCDELTA16,YDR042C,-0.11274829851757968
YHRCDELTA16,YDR043C,0.16659740299292158
YHRCDELTA16,YDL003W,0.131076286987059
YHRCDELTA16,YDL002C,0.1681583121366908
YHRCDELTA16,YDL001W,0.1316476479826267
YHRCDELTA16,YDR001C,0.04340757262433768
YHRCDELTA16,YDR002W,-0.03307991943497201
YHRCDELTA16,YDR003W,0.12201008607248783
YHRCDELTA16,YDR004W,0.1829558262066247
YHRCDELTA16,YDR005C,0.20131223869744874
YHRCDELTA16,YDR006C,-0.04965466666976172
YHRCDELTA16,YDR007W,0.18842608154716295
YHRCDELTA16,YDR008C,0.022081223900435508
YHRCDELTA16,YDR009W,0.2849552155696466
YHRCDELTA16,YDR010C,0.17909777780183828
YHRCDELTA16,YDR011W,-0.02896279432153636
YHRCDELTA16,YDR012W,0.07628192767787405
YHRCDELTA16,YDR013W,0.4004662986185466
YHRCDELTA16,YDR014W,0.1969668176186476
YHRCDELTA16,YDR015C,0.11473763537792055
YHRCDELTA16,YDR016C,0.4771210085147265
YHRCDELTA16,YDR017C,0.32686865305453616
YHRCDELTA16,YDR018C,0.21434203580762143
YHRCDELTA16,YDR019C,-0.17631397509857605
YHRCDELTA16,YDR020C,-0.10271956528755469
YHRCDELTA16,YDL025C,0.18884873866336738
YHRCDELTA16,YDL024C,0.22427063491913374
YHRCDELTA16,YDL023C,0.10961153207789158
YHRCDELTA16,YDL022W,0.10724198395491007
YHRCDELTA16,YDL021W,0.48248080915175967
YHRCDELTA16,YDL020C,0.25860821827886066
YHRCDELTA16,YDL019C,0.14646909983080403
YHRCDELTA16,YDL018C,0.4043291242474437
YHRCDELTA16,YDL017W,0.14091183527117782
YHRCDELTA16,YDL016C,0.07649096135145943
YHRCDELTA16,YDL015C,0.1692434712742731
YHRCDELTA16,YDL014W,-0.12101755286951359
YHRCDELTA16,YDL013W,-0.020606304241308562
YHRCDELTA16,YDL012C,0.15404423299395492
YHRCDELTA16,YDL011C,0.21525401740722502
YHRCDELTA16,YDL010W,0.2959906645870415
YHRCDELTA16,YDL009C,0.2484056119339021
YHRCDELTA16,YDL008W,0.40808087042054597
YHRCDELTA16,YDL007W,0.6019635690104095
YHRCDELTA16,YDL006W,0.4821700334658754
YHRCDELTA16,YDL005C,0.38724572646688604
YHRCDELTA16,YDL004W,0.2903450143443556
YHRCDELTA16,YDL047W,-0.0019297573976412553
YHRCDELTA16,YDL046W,0.2257318909476503
YHRCDELTA16,YDL045W-A,0.21820798410622022
YHRCDELTA16,YDL045C,0.30869118526267475
YHRCDELTA16,YDL044C,0.2546675741128204
YHRCDELTA16,YDL043C,0.12486650445809785
YHRCDELTA16,YDL042C,0.15356578095114942
YHRCDELTA16,YDL041W,0.23906776206131825
YHRCDELTA16,YDL040C,0.3604261312624864
YHRCDELTA16,YDL039C,-0.1547560283205393
YHRCDELTA16,YDL038C,-0.15639865962413535
YHRCDELTA16,YDL037C,-0.16195125704154417
YHRCDELTA16,YDL036C,-0.11433490140775063
YHRCDELTA16,YDL035C,0.1867107230822916
YHRCDELTA16,YDL034W,0.3752178874889462
YHRCDELTA16,YDL033C,0.15923863857825016
YHRCDELTA16,YDL032W,0.026881268423580726
YHRCDELTA16,YDL031W,-0.09471707485250472
YHRCDELTA16,YDL030W,0.15026755748335627
YHRCDELTA16,YDL029W,0.2987175669296333
YHRCDELTA16,YDL028C,0.2057543296854813
YHRCDELTA16,YDL027C,0.32606873448441365
YHRCDELTA16,YDL026W,0.07981551040884635
YHRCDELTA16,YDL071C,0.28520855824256985
YHRCDELTA16,YDL070W,0.4282420896451415
YHRCDELTA16,YDL069C,0.14157240960245426
YHRCDELTA16,YDL068W,-0.0669211603739002
YHRCDELTA16,YDL067C,0.14191605717932157
YHRCDELTA16,YDL066W,0.12508322161155266
YHRCDELTA16,YDL065C,0.14345178376726134
YHRCDELTA16,YDL064W,0.06457538355809729
YHRCDELTA16,YDL063C,-0.1309801327777541
YHRCDELTA16,YDL062W,-0.11154761957052602
YHRCDELTA16,YDL061C,-0.07794816743075612
YHRCDELTA16,YDL060W,-0.13535679025463387
YHRCDELTA16,YDL059C,-0.015328240642745765
YHRCDELTA16,YDL058W,0.38645509814815915
YHRCDELTA16,YDL057W,-0.12956716970256177
YHRCDELTA16,YDL056W,0.39545557540667237
YHRCDELTA16,YDL055C,0.130743144521566
YHRCDELTA16,YDL054C,0.2408649440233732
YHRCDELTA16,YDL053C,0.1711076408775472
YHRCDELTA16,YDL052C,0.18717033726999008
YHRCDELTA16,YDL051W,-0.11277958102466568
YHRCDELTA16,YDL050C,-0.12189139597277274
YHRCDELTA16,YDL049C,0.23934933669182282
YHRCDELTA16,YDL091C,0.046444227592952324
YHRCDELTA16,YDL090C,0.13619868087543519
YHRCDELTA16,YDL089W,0.20158446418715045
YHRCDELTA16,YDL088C,0.10475289978682166
YHRCDELTA16,YDL087C,-0.14041970591609643
YHRCDELTA16,YDL086W,0.19876880936213592
YHRCDELTA16,YDL085W,0.15868149639471926
YHRCDELTA16,YDL084W,0.2959833349396169
YHRCDELTA16,YDL083C,-0.0835355449910142
YHRCDELTA16,YDL082W,-0.16471038738385038
YHRCDELTA16,YDL081C,-0.0911261589629658
YHRCDELTA16,YDL080C,-0.06828975190960733
YHRCDELTA16,YDL079C,0.1438743623939057
YHRCDELTA16,YDL078C,0.3171393610751599
YHRCDELTA16,YDL077C,0.26152532774571274
YHRCDELTA16,YDL076C,0.42043799447305497
YHRCDELTA16,YDL075W,0.11272621496718241
YHRCDELTA16,YDL074C,0.4976552299895573
YHRCDELTA16,YDL073W,0.3404663093287895
YHRCDELTA16,YDL072C,0.24257545960536678
YHRCDELTA16,YDL113C,0.3735918037013912
YHRCDELTA16,YDL112W,-0.03043314049144747
YHRCDELTA16,YDL111C,-0.06678487629938126
YHRCDELTA16,YDL110C,0.21239112622959017
YHRCDELTA16,YDL109C,0.07229060038777887
YHRCDELTA16,YDL108W,0.13347760465441513
YHRCDELTA16,YDL107W,0.48538847706078847
YHRCDELTA16,YDL106C,0.41809463505272404
YHRCDELTA16,YDL105W,0.17600010471511945
YHRCDELTA16,YDL104C,0.4326975934238989
YHRCDELTA16,YDL103C,0.21655211797889665
YHRCDELTA16,YDL102W,0.17630201722852176
YHRCDELTA16,YDL101C,0.2890064494964594
YHRCDELTA16,YDL100C,0.325729457519239
YHRCDELTA16,YDL099W,0.24717963315748429
YHRCDELTA16,YDL098C,0.022417784339212682
YHRCDELTA16,YDL097C,0.2666351999349386
YHRCDELTA16,YDL096C,0.18957401590343595
YHRCDELTA16,YDL095W,0.0451280866627438
YHRCDELTA16,YDL094C,0.03549111985293601
YHRCDELTA16,YDL093W,0.18962404036781114
YHRCDELTA16,YDL092W,-0.009767084670001534
YHRCDELTA16,YDL133W,0.26732800259908995
YHRCDELTA16,YDL132W,0.3240121873882171
YHRCDELTA16,YDL131W,-0.07097959396538976
YHRCDELTA16,YDL130W-A,0.24250360296704923
YHRCDELTA16,YDL130W,-0.04685582827744056
YHRCDELTA16,YDL129W,0.013221294641979535
YHRCDELTA16,YDL128W,0.02279066330310014
YHRCDELTA16,YDL127W,0.11081227769294115
YHRCDELTA16,YDL126C,0.10131633580264159
YHRCDELTA16,YDL125C,0.08179666625710225
YHRCDELTA16,YDL124W,0.10567644770084104
YHRCDELTA16,YDL123W,0.08840526556148165
YHRCDELTA16,YDL122W,-0.0745196836848483
YHRCDELTA16,YDL121C,0.17927218816827875
YHRCDELTA16,YDL120W,0.18863518119498265
YHRCDELTA16,YDL119C,0.2589595818891227
YHRCDELTA16,YDL118W,0.05808870273223465
YHRCDELTA16,YDL117W,0.1338234595899018
YHRCDELTA16,YDL116W,0.14845188883913588
YHRCDELTA16,YDL115C,0.337478031836337
YHRCDELTA16,YDL114W,0.20646815336026003
YHRCDELTA16,YDL157C,0.2996660599555311
YHRCDELTA16,YDL156W,-0.13533817567463363
YHRCDELTA16,YDL155W,-0.028707455312696483
YHRCDELTA16,YDL154W,0.3738455528812027
YHRCDELTA16,YDL153C,-0.11818871479622493
YHRCDELTA16,YDL152W,-0.035928119188508155
YHRCDELTA16,YDL151C,0.02153049469277994
YHRCDELTA16,YDL150W,-0.08593889844606051
YHRCDELTA16,YDL149W,0.35163391253073767
YHRCDELTA16,YDL148C,-0.09528470153793456
YHRCDELTA16,YDL147W,0.32455353885035576
YHRCDELTA16,YDL146W,0.25718331132686045
YHRCDELTA16,YDL145C,0.10840768150566854
YHRCDELTA16,YDL144C,0.12275798082563018
YHRCDELTA16,YDL143W,0.09273323274461084
YHRCDELTA16,YDL142C,0.2732581381195819
YHRCDELTA16,YDL141W,0.4173417291601658
YHRCDELTA16,YDL140C,-0.06425691549757317
YHRCDELTA16,YDL139C,0.3283343794637572
YHRCDELTA16,YDL138W,0.1751683231344641
YHRCDELTA16,YDL137W,0.42802023142597423
YHRCDELTA16,YDL135C,0.5225678552724476
YHRCDELTA16,YDL134C,0.3258027352469591
YHRCDELTA16,YDL179W,0.179461701932019
YHRCDELTA16,YDL178W,0.07828114483294527
YHRCDELTA16,YDL177C,0.14335737870447907
YHRCDELTA16,YDL176W,0.3856236555054975
YHRCDELTA16,YDL175C,0.3143972842165218
YHRCDELTA16,YDL174C,0.192984437220885
YHRCDELTA16,YDL173W,0.24945594588308606
YHRCDELTA16,YDL172C,0.15829437623013304
YHRCDELTA16,YDL171C,0.28269330640191837
YHRCDELTA16,YDL170W,0.02199571916960895
YHRCDELTA16,YDL169C,0.07306183055166404
YHRCDELTA16,YDL168W,0.08263750553471179
YHRCDELTA16,YDL167C,-0.07761563974363687
YHRCDELTA16,YDL166C,-0.011422988355648972
YHRCDELTA16,YDL165W,0.1723123370365058
YHRCDELTA16,YDL164C,0.08292703881066957
YHRCDELTA16,YDL163W,0.05395545140970071
YHRCDELTA16,YDL162C,0.12504305020953949
YHRCDELTA16,YDL161W,0.20823066634582535
YHRCDELTA16,YDL160C,-0.019959688266318498
YHRCDELTA16,YDL159W,-0.013669663999450049
YHRCDELTA16,YDL158C,0.00023154248902558687
YHRCDELTA16,YDL200C,0.41000118241984845
YHRCDELTA16,YDL199C,0.25410204572129763
YHRCDELTA16,YDL198C,0.047699285746991296
YHRCDELTA16,YDL197C,0.3620774100411912
YHRCDELTA16,YDL196W,0.18201639287096003
YHRCDELTA16,YDL195W,0.11695643797789693
YHRCDELTA16,YDL194W,0.2965702598798909
YHRCDELTA16,YDL193W,0.20697333670592394
YHRCDELTA16,YDL192W,0.058476012222514535
YHRCDELTA16,YDL191W,-0.05964347687745537
YHRCDELTA16,YDL190C,0.16797938641172105
YHRCDELTA16,YDL189W,-0.019075673603289753
YHRCDELTA16,YDL188C,0.09919888449313194
YHRCDELTA16,YDL187C,0.13016703278456543
YHRCDELTA16,YDL186W,0.32588490206620907
YHRCDELTA16,YDL185W,0.22623366676611287
YHRCDELTA16,YDL184C,0.3997012788049156
YHRCDELTA16,YDL183C,0.32364323655069055
YHRCDELTA16,YDL182W,-0.19284799763907234
YHRCDELTA16,YDL181W,0.25009241021670325
YHRCDELTA16,YDL180W,0.0737176320742424
YHRCDELTA16,YDL221W,0.0769907267379639
YHRCDELTA16,YDL220C,-0.05049353431181259
YHRCDELTA16,YDL219W,0.013261555052429045
YHRCDELTA16,YDL218W,-0.09077134730646981
YHRCDELTA16,YDL217C,0.10584856922476003
YHRCDELTA16,YDL216C,0.345247320566375
YHRCDELTA16,YDL215C,0.25569193421199166
YHRCDELTA16,YDL214C,0.1730386017089345
YHRCDELTA16,YDL213C,-0.13844523095416078
YHRCDELTA16,YDL212W,0.17124088880463345
YHRCDELTA16,YDL211C,0.22577327314512055
YHRCDELTA16,YDL210W,-0.18235492685628063
YHRCDELTA16,YDL209C,0.021919119972390717
YHRCDELTA16,YDL208W,-0.14486955376448057
YHRCDELTA16,YDL207W,0.20072645169375236
YHRCDELTA16,YDL206W,0.393047687706428
YHRCDELTA16,YDL205C,0.056954093256041526
YHRCDELTA16,YDL204W,0.2292375978236045
YHRCDELTA16,YDL203C,0.2168607460706371
YHRCDELTA16,YDL202W,0.15086245391961592
YHRCDELTA16,YDL201W,-0.13123353252348413
YHRCDELTA16,SNR189,0.21681854224381766
YHRCDELTA16,YDL247W,0.12378143329669047
YHRCDELTA16,YDL243C,0.3456856661380152
YHRCDELTA16,YDL242W,-0.1743805294088393
YHRCDELTA16,YDL241W,0.1679639172641342
YHRCDELTA16,YDL240W,0.19959129622906804
YHRCDELTA16,YDL239C,0.2575405395124142
YHRCDELTA16,YDL238C,0.2030461375956584
YHRCDELTA16,YDL237W,0.41048894473760966
YHRCDELTA16,YDL236W,-0.009679103777673894
YHRCDELTA16,YDL235C,0.11331330159062278
YHRCDELTA16,YDL234C,0.32463593652835004
YHRCDELTA16,YDL233W,0.1852143405235442
YHRCDELTA16,YDL232W,0.25353442598479164
YHRCDELTA16,YDL231C,0.05584570676979642
YHRCDELTA16,YDL230W,0.25857584297909614
YHRCDELTA16,YDL228C,-0.14799801004584084
YHRCDELTA16,YDL227C,0.3372478013835126
YHRCDELTA16,YDL226C,0.23587712349171974
YHRCDELTA16,YDL225W,0.07024563101763812
YHRCDELTA16,YDL224C,0.15350822416799936
YHRCDELTA16,YDL223C,0.08901192249844544
YHRCDELTA16,YDL222C,0.03140865045329669
YHRCDELTA16,NC_001135,0.32003360912729695
YHRCDELTA16,YCL075W,-0.16766542724869224
YHRCDELTA16,SNR43,0.009925506634916953
YHRCDELTA16,CEN3,0.007252485044690436
YHRCDELTA16,SNR33,0.1698691457761048
YHRCDELTA16,SNR65,-0.005896524523395855
YHRCDELTA16,YCR018C-A,0.03956988564699884
YHRCDELTA16,YCR020W-B,0.04342579408199307
YHRCDELTA16,YCR097W-A,0.46616964396322874
YHRCDELTA16,YCR102W-A,0.14367652420998386
YHRCDELTA16,YCL057c-a,0.059467250415593934
YHRCDELTA16,YCR068W-A,0.05300215760218759
YHRCDELTA16,YCL008C,0.05642280424192174
YHRCDELTA16,YCR086W,0.23930790238412175
YHRCDELTA16,YCR087W,-0.06959837711868709
YHRCDELTA16,YCR087C-A,-0.11517536799992335
YHRCDELTA16,YCR088W,0.3478333883251366
YHRCDELTA16,YCR089W,0.03661223427340575
YHRCDELTA16,YCR090C,0.3380348860993951
YHRCDELTA16,YCR091W,0.26730921345337316
YHRCDELTA16,YCR092C,0.2858574411795201
YHRCDELTA16,YCR093W,0.348437462024367
YHRCDELTA16,YCR094W,0.2702820335440836
YHRCDELTA16,YCR095C,0.5319784101998609
YHRCDELTA16,YCR097W,0.5470710286941589
YHRCDELTA16,YCR098C,0.37760884867675854
YHRCDELTA16,YCR099C,0.23844011342210103
YHRCDELTA16,YCR100C,0.16168459144149172
YHRCDELTA16,YCR101C,-0.006167968417044256
YHRCDELTA16,YCR102C,0.11472168611628875
YHRCDELTA16,YCR104W,0.31322989495252446
YHRCDELTA16,YCR105W,0.11355071842304772
YHRCDELTA16,YCR106W,0.012659326396534713
YHRCDELTA16,YCL022C,0.10897114629339592
YHRCDELTA16,YCR062W,0.24578882095011545
YHRCDELTA16,YCR064C,0.09393736642760822
YHRCDELTA16,YCR063W,-0.11620145550446169
YHRCDELTA16,YCR065W,0.1205940003340262
YHRCDELTA16,YCR066W,0.31225700718289723
YHRCDELTA16,YCR067C,0.16094629216287462
YHRCDELTA16,YCR068W,-0.0012294325784773053
YHRCDELTA16,YCR069W,0.12363808680096977
YHRCDELTA16,YCR071C,0.14153739450771824
YHRCDELTA16,YCR072C,-0.14954042046858024
YHRCDELTA16,YCR073C,0.20112600345637105
YHRCDELTA16,YCR073W-A,0.00453531441437772
YHRCDELTA16,YCR075C,0.21886897312033873
YHRCDELTA16,YCR076C,0.12337628927185318
YHRCDELTA16,YCR077C,-0.051489662992744684
YHRCDELTA16,YCR079W,0.12019722124833924
YHRCDELTA16,YCR081W,0.2533583821855302
YHRCDELTA16,YCR082W,0.47372709200490004
YHRCDELTA16,YCR083W,0.18398552660717554
YHRCDELTA16,YCR084C,0.15669066364090872
YHRCDELTA16,YCR085W,0.015417224317181618
YHRCDELTA16,YCR035C,-0.08599285194950178
YHRCDELTA16,YCR036W,0.2161519189946409
YHRCDELTA16,YCR037C,-0.11341070341628295
YHRCDELTA16,YCR038C,0.10080923840126382
YHRCDELTA16,YCR041W,0.23820715073644982
YHRCDELTA16,YCR042C,0.022751866182437488
YHRCDELTA16,YCR043C,0.026080755983824606
YHRCDELTA16,YCR044C,0.23004008601923287
YHRCDELTA16,YCR045C,0.33676721119130865
YHRCDELTA16,YCR046C,0.25082306277138944
YHRCDELTA16,YCR047C,-0.11698362389008636
YHRCDELTA16,YCR049C,-0.07187292552868955
YHRCDELTA16,YCR048W,-0.04411255607391942
YHRCDELTA16,YCR050C,0.1058383984417448
YHRCDELTA16,YCR051W,-0.015040777891409304
YHRCDELTA16,YCR052W,-0.09674374375649322
YHRCDELTA16,YCR053W,0.21225812064446925
YHRCDELTA16,YCR054C,0.23262293824980915
YHRCDELTA16,YCR057C,-0.09787273764373015
YHRCDELTA16,YCR059C,-0.0738393995162646
YHRCDELTA16,YCR060W,0.267947861592296
YHRCDELTA16,YCR061W,0.1348280066536299
YHRCDELTA16,YCR016W,-0.057582944565146045
YHRCDELTA16,YCR017C,0.2682125939195914
YHRCDELTA16,YCR018C,0.3886845337699289
YHRCDELTA16,YCR019W,0.12158255684311772
YHRCDELTA16,YCR020C,0.016383672066842582
YHRCDELTA16,YCR020C-A,0.22805598309355127
YHRCDELTA16,YCR021C,0.019920715603198053
YHRCDELTA16,YCR022C,0.379454220749862
YHRCDELTA16,YCR023C,0.35228511056349
YHRCDELTA16,YCR024C,0.20133807886087932
YHRCDELTA16,YCR024C-A,0.3053798163018893
YHRCDELTA16,YCR025C,0.19248489305711952
YHRCDELTA16,YCR026C,0.028665837048194157
YHRCDELTA16,YCR027C,0.004422771164581033
YHRCDELTA16,YCR028C,0.23658759429503862
YHRCDELTA16,YCR028C-A,0.36693957772964264
YHRCDELTA16,YCR030C,0.22000045512403207
YHRCDELTA16,YCR031C,0.06576963420942546
YHRCDELTA16,YCR032W,0.3847575904313939
YHRCDELTA16,YCR033W,0.06175709126232286
YHRCDELTA16,YCR034W,-0.08508581469786565
YHRCDELTA16,YCL010C,0.14209603212805133
YHRCDELTA16,YCL009C,0.0943979431418289
YHRCDELTA16,YCL007C,0.08455549539607425
YHRCDELTA16,YCL006C,0.22000026013402363
YHRCDELTA16,YCL005W,0.10223944420240987
YHRCDELTA16,YCL004W,0.19029144047647537
YHRCDELTA16,YCL002C,0.05966580424606312
YHRCDELTA16,YCL001W,0.2845941640358862
YHRCDELTA16,YCL001W-A,0.11965483062222981
YHRCDELTA16,YCR001W,0.12541429311055105
YHRCDELTA16,YCR002C,0.09885398288243474
YHRCDELTA16,YCR003W,0.16393134267765974
YHRCDELTA16,YCR004C,0.15055526512462794
YHRCDELTA16,YCR005C,0.28920359888995373
YHRCDELTA16,YCR006C,0.1537653749383698
YHRCDELTA16,YCR008W,-0.1428567710747812
YHRCDELTA16,YCR009C,0.10489793928971677
YHRCDELTA16,YCR010C,0.16005502627797794
YHRCDELTA16,YCR011C,0.1938356642802111
YHRCDELTA16,YCR013C,0.2936327093296772
YHRCDELTA16,YCR012W,0.1910709774612272
YHRCDELTA16,YCR014C,0.3597966867686922
YHRCDELTA16,YCR015C,0.23916167195728497
YHRCDELTA16,YCL039W,0.2075331630207672
YHRCDELTA16,YCL038C,0.2003683034719589
YHRCDELTA16,YCL037C,-0.15750910670776297
YHRCDELTA16,YCL036W,-0.15837214617431367
YHRCDELTA16,YCL035C,0.2541172552914309
YHRCDELTA16,YCL034W,0.00021482566488870193
YHRCDELTA16,YCL033C,0.08725669375636837
YHRCDELTA16,YCL032W,0.06362808767912963
YHRCDELTA16,YCL031C,0.08632128388373408
YHRCDELTA16,YCL030C,-0.01246387043363264
YHRCDELTA16,YCL029C,-0.05091159600312395
YHRCDELTA16,YCL028W,0.06922548433409814
YHRCDELTA16,YCL027W,0.2953724693389258
YHRCDELTA16,YCL026C-A,-0.1118053558096635
YHRCDELTA16,YCL025C,-0.22783672904521535
YHRCDELTA16,YCL023C,0.0557925252510476
YHRCDELTA16,YCL018W,-0.05944416758770556
YHRCDELTA16,YCL017C,0.026022230024663473
YHRCDELTA16,YCL016C,-0.08926035913464851
YHRCDELTA16,YCL014W,0.13879858223268268
YHRCDELTA16,YCL012W,0.25292395813759017
YHRCDELTA16,YCL011C,0.14803226314837806
YHRCDELTA16,YCL064C,0.35202930562963647
YHRCDELTA16,YCL063W,0.20760724040919784
YHRCDELTA16,YCL061C,0.15881527922034303
YHRCDELTA16,YCL059C,-0.11965615972848803
YHRCDELTA16,YCL058C,0.07573408019734797
YHRCDELTA16,YCL057W,0.20516671346036874
YHRCDELTA16,YCL056C,0.2538763017789962
YHRCDELTA16,YCL055W,0.3422966017259292
YHRCDELTA16,YCL054W,-0.09425210147373145
YHRCDELTA16,YCL052C,0.28490922472882974
YHRCDELTA16,YCL051W,0.3176191192145446
YHRCDELTA16,YCL050C,0.15160622618321404
YHRCDELTA16,YCL049C,0.18588017476062454
YHRCDELTA16,YCL048W,0.4866739015203286
YHRCDELTA16,YCL047C,0.1056872753530472
YHRCDELTA16,YCL045C,0.3507717720639587
YHRCDELTA16,YCL046W,0.15721171254287314
YHRCDELTA16,YCL044C,0.10312220689707648
YHRCDELTA16,YCL043C,0.24757382385076135
YHRCDELTA16,YCL041C,0.2767337133279038
YHRCDELTA16,YCL042W,0.16317365219574548
YHRCDELTA16,YCL040W,0.14464784739924622
YHRCDELTA16,SNR56,-0.1417856920231806
YHRCDELTA16,TLC1,0.2538419241886744
YHRCDELTA16,LSR1,0.07911481093022381
YHRCDELTA16,YCL076W,-0.07036271739360424
YHRCDELTA16,YCL074W,0.17856821894608377
YHRCDELTA16,YCL068C,-0.08456851239646966
YHRCDELTA16,YCL067C,-0.017568667029522294
YHRCDELTA16,YCL066W,-0.04542052170506629
YHRCDELTA16,YCL065W,0.2363280817772424
YHRCDELTA16,YBR109w-a,-0.008144088936158929
YHRCDELTA16,YBR126w-a,0.17876437816792104
YHRCDELTA16,YBL069W,-0.15431355664394023
YHRCDELTA16,YBR201W,-0.07042885989475045
YHRCDELTA16,YBR266C,0.0045907212350958645
YHRCDELTA16,YBR267W,-0.14066666967058053
YHRCDELTA16,NC_001134,0.26531083143812867
YHRCDELTA16,YBR284W,0.1952571091957467
YHRCDELTA16,YBR285W,0.2218861753259684
YHRCDELTA16,YBR286W,0.08387405851543545
YHRCDELTA16,YBR287W,0.07937269036178822
YHRCDELTA16,YBR288C,0.194378371635926
YHRCDELTA16,YBR289W,0.2223292376038787
YHRCDELTA16,YBR290W,0.3988459283122523
YHRCDELTA16,YBR291C,-0.16542469720327416
YHRCDELTA16,YBR292C,0.1754223930999656
YHRCDELTA16,YBR293W,0.10258484688193223
YHRCDELTA16,YBR294W,-0.026882924239090104
YHRCDELTA16,YBR295W,0.2438337214761994
YHRCDELTA16,YBR296C,-0.06844584793270257
YHRCDELTA16,YBR297W,0.26566442566172566
YHRCDELTA16,YBR298C,0.4004172880396316
YHRCDELTA16,YBR299W,0.5181482474600959
YHRCDELTA16,YBR300C,-0.028164211366450566
YHRCDELTA16,YBR301W,0.39555893807730225
YHRCDELTA16,YBR219C,0.13777346573051724
YHRCDELTA16,YBR056w-a,0.21547110297618366
YHRCDELTA16,YBR058c-a,0.418417357448975
YHRCDELTA16,YBR085c-a,0.3091138544032641
YHRCDELTA16,YBR259W,0.3256689030603035
YHRCDELTA16,YBR260C,0.25518770422532644
YHRCDELTA16,YBR261C,-0.16943734564255442
YHRCDELTA16,YBR262C,0.2899709273208021
YHRCDELTA16,YBR263W,0.1977864813504438
YHRCDELTA16,YBR264C,0.4970998107577442
YHRCDELTA16,YBR265W,0.13439979861002324
YHRCDELTA16,YBR268W,0.23635110315474156
YHRCDELTA16,YBR269C,0.29690702107801026
YHRCDELTA16,YBR270C,0.20839856136190962
YHRCDELTA16,YBR271W,-0.10769093555653245
YHRCDELTA16,YBR272C,0.5107175508903099
YHRCDELTA16,YBR273C,0.08172454906260251
YHRCDELTA16,YBR274W,0.29724890598544945
YHRCDELTA16,YBR275C,0.09661318854747811
YHRCDELTA16,YBR276C,0.20683519743622103
YHRCDELTA16,YBR277C,0.37241993649943467
YHRCDELTA16,YBR278W,0.3407912165847663
YHRCDELTA16,YBR279W,0.18653641864125853
YHRCDELTA16,YBR280C,0.12217275832126082
YHRCDELTA16,YBR281C,-0.028947771665878076
YHRCDELTA16,YBR282W,0.06781518520034154
YHRCDELTA16,YBR283C,0.1265360358393901
YHRCDELTA16,YBR237W,0.22468429690369882
YHRCDELTA16,YBR238C,-0.15860842174253004
YHRCDELTA16,YBR239C,-0.015417711288012495
YHRCDELTA16,YBR240C,-0.11499643382087592
YHRCDELTA16,YBR241C,0.08900933848263537
YHRCDELTA16,YBR242W,-0.014011849262566631
YHRCDELTA16,YBR243C,0.1382115283662251
YHRCDELTA16,YBR244W,0.15477374469657518
YHRCDELTA16,YBR245C,0.03564979363146492
YHRCDELTA16,YBR246W,-0.015297223930731128
YHRCDELTA16,YBR247C,-0.11658046432982817
YHRCDELTA16,YBR248C,0.05172039342953328
YHRCDELTA16,YBR249C,-0.024331558727423472
YHRCDELTA16,YBR250W,0.24234185466147476
YHRCDELTA16,YBR251W,0.335620339498382
YHRCDELTA16,YBR252W,0.10659593337981467
YHRCDELTA16,YBR253W,0.5490312477517837
YHRCDELTA16,YBR254C,0.3087145932297989
YHRCDELTA16,YBR255W,0.19926278032278774
YHRCDELTA16,YBR256C,0.2561068765715129
YHRCDELTA16,YBR257W,0.19556883708723935
YHRCDELTA16,YBR258C,0.323856657854249
YHRCDELTA16,YBR214W,0.1280210347986434
YHRCDELTA16,YBR215W,0.23769654274821728
YHRCDELTA16,YBR216C,0.3925019799584901
YHRCDELTA16,YBR217W,0.28064729779647263
YHRCDELTA16,YBR218C,0.08995248191189928
YHRCDELTA16,YBR220C,-0.07751069029972904
YHRCDELTA16,YBR221C,0.32068923400888666
YHRCDELTA16,YBR222C,0.01534836963659683
YHRCDELTA16,YBR223C,0.045069580921949334
YHRCDELTA16,YBR224W,0.0784795239435474
YHRCDELTA16,YBR225W,0.2881785231969697
YHRCDELTA16,YBR226C,0.2797791297738458
YHRCDELTA16,YBR227C,0.005090381965745811
YHRCDELTA16,YBR228W,0.14572402902338152
YHRCDELTA16,YBR229C,0.24133113610375906
YHRCDELTA16,YBR230C,0.20567762943256018
YHRCDELTA16,YBR231C,-0.02394408598087999
YHRCDELTA16,YBR232C,0.22974097075284883
YHRCDELTA16,YBR233W,0.1504619864299504
YHRCDELTA16,YBR234C,0.09950159928447805
YHRCDELTA16,YBR235W,0.24327420420613247
YHRCDELTA16,YBR236C,0.5010110819061819
YHRCDELTA16,YBR191W,-0.0238045036481661
YHRCDELTA16,YBR192W,0.11481341705713824
YHRCDELTA16,YBR193C,0.21891424372221732
YHRCDELTA16,YBR194W,0.17508082235455924
YHRCDELTA16,YBR195C,0.03087357210392765
YHRCDELTA16,YBR196C,0.25436560965718547
YHRCDELTA16,YBR197C,-0.04791800966985208
YHRCDELTA16,YBR198C,0.10018852783741353
YHRCDELTA16,YBR199W,0.21163705670059887
YHRCDELTA16,YBR200W,0.19596351420542651
YHRCDELTA16,YBR202W,-0.17576265200440452
YHRCDELTA16,YBR203W,0.3673514702809207
YHRCDELTA16,YBR204C,0.4024257076741177
YHRCDELTA16,YBR205W,0.029685138748009408
YHRCDELTA16,YBR206W,0.11428694040654673
YHRCDELTA16,YBR207W,0.22741892978797104
YHRCDELTA16,YBR208C,-0.25247374319629995
YHRCDELTA16,YBR209W,0.12604315019867254
YHRCDELTA16,YBR210W,0.344120011768031
YHRCDELTA16,YBR211C,0.21111232554222512
YHRCDELTA16,YBR212W,0.07781649486253303
YHRCDELTA16,YBR213W,-0.2031776255912786
YHRCDELTA16,YBR168W,0.2837797620868257
YHRCDELTA16,YBR169C,0.1201040827740421
YHRCDELTA16,YBR170C,0.10773805046348424
YHRCDELTA16,YBR171W,0.05577719428921591
YHRCDELTA16,YBR172C,-0.12541649582870787
YHRCDELTA16,YBR173C,0.3370242337566484
YHRCDELTA16,YBR174C,0.06636738939184186
YHRCDELTA16,YBR175W,-0.02993018726765509
YHRCDELTA16,YBR176W,0.11786558590715226
YHRCDELTA16,YBR177C,0.1387060508911392
YHRCDELTA16,YBR178W,0.2312010157898312
YHRCDELTA16,YBR179C,0.19236051544101565
YHRCDELTA16,YBR180W,-0.015917423111606363
YHRCDELTA16,YBR182C,-0.13452114721855402
YHRCDELTA16,YBR183W,0.19776986544681588
YHRCDELTA16,YBR184W,0.3425212121607235
YHRCDELTA16,YBR185C,0.26217823961790715
YHRCDELTA16,YBR186W,0.010107385561967438
YHRCDELTA16,YBR187W,-0.016901219695562696
YHRCDELTA16,YBR188C,0.20867048236225913
YHRCDELTA16,YBR189W,-0.09630933770216747
YHRCDELTA16,YBR190W,0.008512335727241194
YHRCDELTA16,YBR147W,0.02495709022843408
YHRCDELTA16,YBR148W,0.18456604140087324
YHRCDELTA16,YBR149W,0.15117500693519928
YHRCDELTA16,YBR150C,0.23854267981107202
YHRCDELTA16,YBR151W,0.2898783961224112
YHRCDELTA16,YBR152W,0.2908599516589043
YHRCDELTA16,YBR153W,-0.004084793593458388
YHRCDELTA16,YBR154C,-0.08907374311932605
YHRCDELTA16,YBR155W,-0.13333339879579903
YHRCDELTA16,YBR156C,0.22881795259021695
YHRCDELTA16,YBR157C,-0.04759878279406747
YHRCDELTA16,YBR158W,0.03392745952789948
YHRCDELTA16,YBR159W,0.3331603527957582
YHRCDELTA16,YBR160W,0.09752396578475162
YHRCDELTA16,YBR161W,0.30379321005306853
YHRCDELTA16,YBR162C,0.23314010323722523
YHRCDELTA16,YBR162W-A,0.16556757148051046
YHRCDELTA16,YBR163W,-0.03520238249138902
YHRCDELTA16,YBR164C,0.1246006819148686
YHRCDELTA16,YBR165W,0.38606335753430715
YHRCDELTA16,YBR166C,0.14204325320355213
YHRCDELTA16,YBR167C,0.3106471696611225
YHRCDELTA16,YBR124W,0.2983443238863395
YHRCDELTA16,YBR125C,0.19799267478793084
YHRCDELTA16,YBR126C,0.2101018245218417
YHRCDELTA16,YBR127C,0.1934061276269255
YHRCDELTA16,YBR128C,0.2583335854795066
YHRCDELTA16,YBR129C,0.45049939015726237
YHRCDELTA16,YBR130C,0.11087816174704183
YHRCDELTA16,YBR131W,-0.038448117069061545
YHRCDELTA16,YBR132C,0.2492280808743583
YHRCDELTA16,YBR133C,0.2923951824146651
YHRCDELTA16,YBR134W,0.06301608170423581
YHRCDELTA16,YBR135W,0.2276357184737783
YHRCDELTA16,YBR136W,0.31134640524397267
YHRCDELTA16,YBR137W,0.38183375581399615
YHRCDELTA16,YBR138C,0.2928937117351675
YHRCDELTA16,YBR139W,0.1835712052142374
YHRCDELTA16,YBR140C,0.30893250914911224
YHRCDELTA16,YBR141C,-0.18898725931160135
YHRCDELTA16,YBR142W,-0.12886334581033376
YHRCDELTA16,YBR143C,-0.13948341353713825
YHRCDELTA16,YBR144C,-0.06416411240806164
YHRCDELTA16,YBR145W,0.3162785627501153
YHRCDELTA16,YBR146W,0.14618135240301633
YHRCDELTA16,YBR102C,0.2607394328983309
YHRCDELTA16,YBR103W,0.35524473342066554
YHRCDELTA16,YBR104W,0.0020023377790178015
YHRCDELTA16,YBR105C,-0.19269250437570365
YHRCDELTA16,YBR106W,-0.11168965288572223
YHRCDELTA16,YBR107C,0.08206120552177276
YHRCDELTA16,YBR108W,0.1885731083435299
YHRCDELTA16,YBR109C,0.30900820112040556
YHRCDELTA16,YBR110W,0.07795598256056442
YHRCDELTA16,YBR111C,0.24170455716992928
YHRCDELTA16,YBR112C,0.03242789168027025
YHRCDELTA16,YBR113W,0.12755619741390728
YHRCDELTA16,YBR114W,-0.12865535906154
YHRCDELTA16,YBR115C,-0.12082940705486385
YHRCDELTA16,YBR116C,0.07905771083647826
YHRCDELTA16,YBR117C,0.055893485069363764
YHRCDELTA16,YBR119W,0.20911541170719533
YHRCDELTA16,YBR120C,0.2062876060148548
YHRCDELTA16,YBR121C,0.021411486893824064
YHRCDELTA16,YBR122C,0.2606037737956558
YHRCDELTA16,YBR123C,0.24128547693532268
YHRCDELTA16,YBR082C,-0.08057367685221381
YHRCDELTA16,YBR083W,0.03934039579868202
YHRCDELTA16,YBR084W,-0.15920047998189338
YHRCDELTA16,YBR085W,-0.05362216043323694
YHRCDELTA16,YBR086C,0.16639064769697473
YHRCDELTA16,YBR087W,0.2097919119146114
YHRCDELTA16,YBR088C,0.11574287831031511
YHRCDELTA16,YBR089W,0.04303729156480807
YHRCDELTA16,YBR090C-A,0.22840759903367877
YHRCDELTA16,YBR090C,0.21585119096429742
YHRCDELTA16,YBR091C,0.1477454144269521
YHRCDELTA16,YBR092C,-0.16424524839433463
YHRCDELTA16,YBR093C,0.22830591127632738
YHRCDELTA16,YBR094W,0.18478649314617152
YHRCDELTA16,YBR095C,0.23763566078721546
YHRCDELTA16,YBR096W,0.350099311912153
YHRCDELTA16,YBR097W,0.3044464818153199
YHRCDELTA16,YBR098W,0.2924491179447768
YHRCDELTA16,YBR099C,0.24220824793153684
YHRCDELTA16,YBR100W,0.42879995287689493
YHRCDELTA16,YBR101C,0.03810518555277129
YHRCDELTA16,YBR060C,-0.030688744777124383
YHRCDELTA16,YBR061C,-0.08104620390736607
YHRCDELTA16,YBR062C,0.23664766782195198
YHRCDELTA16,YBR063C,0.04456095646194094
YHRCDELTA16,YBR064W,-0.030576856415464506
YHRCDELTA16,YBR065C,-0.1446617923103096
YHRCDELTA16,YBR066C,-0.025811760523312195
YHRCDELTA16,YBR067C,0.11915556542241693
YHRCDELTA16,YBR068C,0.07536579994873532
YHRCDELTA16,YBR069C,-0.09872824901156127
YHRCDELTA16,YBR070C,0.22108715585567298
YHRCDELTA16,YBR071W,0.2424790721098477
YHRCDELTA16,YBR072W,0.19538603539682947
YHRCDELTA16,YBR073W,0.31309312733255235
YHRCDELTA16,YBR074W,-0.11378584184545965
YHRCDELTA16,YBR075W,-0.04736034232039397
YHRCDELTA16,YBR076W,0.2751015966513979
YHRCDELTA16,YBR077C,0.14891055016362068
YHRCDELTA16,YBR078W,-0.012187629303666465
YHRCDELTA16,YBR079C,-0.15548000465205541
YHRCDELTA16,YBR080C,-0.08994433945686957
YHRCDELTA16,YBR081C,0.132241713214058
YHRCDELTA16,YBR038W,0.17651968266754647
YHRCDELTA16,YBR039W,0.1744815929494332
YHRCDELTA16,YBR040W,0.29509817485644657
YHRCDELTA16,YBR041W,0.2450444053161104
YHRCDELTA16,YBR042C,0.3464842569938303
YHRCDELTA16,YBR043C,0.12303365263642639
YHRCDELTA16,YBR044C,0.20127482203145639
YHRCDELTA16,YBR045C,0.22735334413733932
YHRCDELTA16,YBR046C,0.06649218323743893
YHRCDELTA16,YBR047W,0.08114442042360005
YHRCDELTA16,YBR048W,-0.09793002627450334
YHRCDELTA16,YBR049C,-0.031509864828358214
YHRCDELTA16,YBR050C,0.006052391527393419
YHRCDELTA16,YBR051W,0.16701027236085386
YHRCDELTA16,YBR052C,0.24451619746957984
YHRCDELTA16,YBR053C,0.22130515981400697
YHRCDELTA16,YBR054W,0.043352419158638154
YHRCDELTA16,YBR055C,0.08840625627639721
YHRCDELTA16,YBR056W,0.24299285688315805
YHRCDELTA16,YBR057C,0.18153587019396958
YHRCDELTA16,YBR058C,0.2130946446666538
YHRCDELTA16,YBR059C,0.1391473282190816
YHRCDELTA16,YBR015C,-0.03955530613503429
YHRCDELTA16,YBR016W,0.07399448323487749
YHRCDELTA16,YBR017C,-0.12958977182582138
YHRCDELTA16,YBR018C,0.2789753815633607
YHRCDELTA16,YBR019C,0.2852662205635197
YHRCDELTA16,YBR020W,0.021892441072235112
YHRCDELTA16,YBR021W,-0.05195208528307784
YHRCDELTA16,YBR022W,0.32579128403757524
YHRCDELTA16,YBR023C,-0.00736032159852085
YHRCDELTA16,YBR024W,0.22159875985839533
YHRCDELTA16,YBR025C,-0.0855871453949943
YHRCDELTA16,YBR026C,0.20094643147866648
YHRCDELTA16,YBR027C,0.29942033268246115
YHRCDELTA16,YBR028C,0.16473923639159188
YHRCDELTA16,YBR029C,0.25402102136256044
YHRCDELTA16,YBR030W,-0.02933976538078357
YHRCDELTA16,YBR031W,-0.018952715462751166
YHRCDELTA16,YBR032W,0.3318601804960762
YHRCDELTA16,YBR033W,-0.08152021780403555
YHRCDELTA16,YBR034C,-0.16308408087866666
YHRCDELTA16,YBR035C,0.23855669186351505
YHRCDELTA16,YBR036C,0.3108711945473327
YHRCDELTA16,YBR037C,0.2395160086099645
YHRCDELTA16,YBL009W,0.177915202822814
YHRCDELTA16,YBL008W,0.18580784180054613
YHRCDELTA16,YBL007C,0.27573800827957345
YHRCDELTA16,YBL006C,0.10325673797840365
YHRCDELTA16,YBL005W,-0.04081676641292351
YHRCDELTA16,YBL004W,-0.10043577633059646
YHRCDELTA16,YBL003C,0.4693224400875985
YHRCDELTA16,YBL002W,0.24476436454223072
YHRCDELTA16,YBL001C,0.4551626569710757
YHRCDELTA16,YBR001C,0.26471057021384864
YHRCDELTA16,YBR002C,0.03523387528121024
YHRCDELTA16,YBR003W,0.18811299747373
YHRCDELTA16,YBR004C,-0.0331321875044463
YHRCDELTA16,YBR005W,0.07742129492367206
YHRCDELTA16,YBR007C,-0.054432559157063104
YHRCDELTA16,YBR008C,-0.14372996169128327
YHRCDELTA16,YBR010W,0.3363409279815547
YHRCDELTA16,YBR011C,0.16789503339335013
YHRCDELTA16,YBR012C,0.3801976696163486
YHRCDELTA16,YBR013C,0.01692931847439584
YHRCDELTA16,YBR014C,0.30638180901038004
YHRCDELTA16,YBL031W,0.22851110704779715
YHRCDELTA16,YBL030C,0.27919800933164446
YHRCDELTA16,YBL029W,-0.09871665868353616
YHRCDELTA16,YBL028C,-0.1070361900722392
YHRCDELTA16,YBL027W,-0.056563756349663305
YHRCDELTA16,YBL026W,0.21814748883305649
YHRCDELTA16,YBL025W,0.09155943700166419
YHRCDELTA16,YBL024W,-0.1151290349702323
YHRCDELTA16,YBL023C,-0.08861040279690623
YHRCDELTA16,YBL022C,0.24392548160400263
YHRCDELTA16,YBL021C,-0.011522660015023245
YHRCDELTA16,YBL020W,-0.07532302540595173
YHRCDELTA16,YBL019W,0.13784180009062497
YHRCDELTA16,YBL018C,0.19520995337370042
YHRCDELTA16,YBL017C,0.2056946893898397
YHRCDELTA16,YBL016W,-0.033592375986482806
YHRCDELTA16,YBL015W,0.22355067096593453
YHRCDELTA16,YBL014C,0.07497020173105759
YHRCDELTA16,YBL013W,0.1885533270506985
YHRCDELTA16,YBL012C,0.004586996735196604
YHRCDELTA16,YBL011W,0.1356371691494396
YHRCDELTA16,YBL010C,0.1784820177672201
YHRCDELTA16,YBL054W,-0.09109963269862209
YHRCDELTA16,YBL053W,0.20380159881467325
YHRCDELTA16,YBL052C,0.17295797551077977
YHRCDELTA16,YBL051C,0.048348692507068004
YHRCDELTA16,YBL050W,0.09824464043276107
YHRCDELTA16,YBL049W,0.11974662132742676
YHRCDELTA16,YBL048W,0.22714363792000097
YHRCDELTA16,YBL047C,0.22584430812628833
YHRCDELTA16,YBL046W,0.12272588183755473
YHRCDELTA16,YBL045C,0.2515424612538976
YHRCDELTA16,YBL044W,0.3610129143656944
YHRCDELTA16,YBL043W,0.14849539582764823
YHRCDELTA16,YBL042C,-0.08673340178246365
YHRCDELTA16,YBL041W,0.2870817274537215
YHRCDELTA16,YBL040C,0.4675680132026643
YHRCDELTA16,YBL039C,-0.118733270383753
YHRCDELTA16,YBL038W,0.2703165537969302
YHRCDELTA16,YBL037W,0.2678490443592394
YHRCDELTA16,YBL036C,0.03841831944592663
YHRCDELTA16,YBL035C,0.05833878418161305
YHRCDELTA16,YBL034C,0.21208267931155203
YHRCDELTA16,YBL033C,-0.009542203902850563
YHRCDELTA16,YBL032W,0.27245479303515496
YHRCDELTA16,YBL076C,-0.0325827960109858
YHRCDELTA16,YBL075C,0.02543164666191733
YHRCDELTA16,YBL074C,0.3657812892583412
YHRCDELTA16,YBL073W,0.059355021444812486
YHRCDELTA16,YBL072C,0.13376841571767512
YHRCDELTA16,YBL071C,-0.04088589921347142
YHRCDELTA16,YBL070C,-0.16833400136771673
YHRCDELTA16,YBL068W,-0.09479412762547358
YHRCDELTA16,YBL067C,0.2863518693651601
YHRCDELTA16,YBL066C,-0.002249352157733723
YHRCDELTA16,YBL065W,0.35010972207601276
YHRCDELTA16,YBL064C,0.3247351129470865
YHRCDELTA16,YBL063W,0.3140311861986852
YHRCDELTA16,YBL062W,-0.04076306265500703
YHRCDELTA16,YBL061C,-0.054822994113598464
YHRCDELTA16,YBL060W,0.3056921465373922
YHRCDELTA16,YBL059W,0.1331687976132555
YHRCDELTA16,YBL058W,0.21493052916300173
YHRCDELTA16,YBL057C,0.031375116175888694
YHRCDELTA16,YBL056W,0.25391012240354416
YHRCDELTA16,YBL055C,-0.07425960945359135
YHRCDELTA16,YBL097W,0.08049860069411727
YHRCDELTA16,YBL096C,0.23874501801922907
YHRCDELTA16,YBL095W,0.2531623287004188
YHRCDELTA16,YBL094C,0.3079584688444001
YHRCDELTA16,YBL093C,-0.14520422092570537
YHRCDELTA16,YBL092W,-0.001679092507043838
YHRCDELTA16,YBL091C-A,0.17864943566480562
YHRCDELTA16,YBL091C,0.07113358686268377
YHRCDELTA16,YBL090W,0.1805119980160385
YHRCDELTA16,YBL089W,0.06148106952030207
YHRCDELTA16,YBL088C,0.15238269796049742
YHRCDELTA16,YBL087C,-0.051575701127472555
YHRCDELTA16,YBL086C,0.12217701402959588
YHRCDELTA16,YBL085W,0.036140839718869326
YHRCDELTA16,YBL084C,0.08822544266323616
YHRCDELTA16,YBL083C,-0.12917958295741927
YHRCDELTA16,YBL082C,0.019056510510364034
YHRCDELTA16,YBL081W,-0.10670326164307951
YHRCDELTA16,YBL080C,0.3509333045024285
YHRCDELTA16,YBL079W,0.29448914260452935
YHRCDELTA16,YBL078C,0.14791883293944055
YHRCDELTA16,YBL077W,0.02839163249129511
YHRCDELTA16,SNR59,0.0949635832042643
YHRCDELTA16,SNR51,0.375345114964724
YHRCDELTA16,SNR70,0.2909401226222429
YHRCDELTA16,SNR41,0.3370026393864861
YHRCDELTA16,SNR45,0.11976137818503964
YHRCDELTA16,YBL109W,0.266206851189142
YHRCDELTA16,YBL107C,0.221377009397002
YHRCDELTA16,YBL106C,0.2900288435719586
YHRCDELTA16,YBL105C,0.24259567610743116
YHRCDELTA16,YBL104C,0.1588451920103666
YHRCDELTA16,YBL103C,0.08408144433993607
YHRCDELTA16,YBL102W,0.3181488951879674
YHRCDELTA16,YBL101C,0.02899716309822229
YHRCDELTA16,YBL100C,0.1865896980637389
YHRCDELTA16,YBL099W,0.37489807771402883
YHRCDELTA16,YBL098W,0.24055360722810454
YHRCDELTA16,YPR186C,-0.11840570578995432
YHRCDELTA16,YPR187W,-0.0464794700025683
YHRCDELTA16,YPR188C,0.3681513277044871
YHRCDELTA16,YPR189W,0.015728998539888857
YHRCDELTA16,YPR190C,-0.15703542168644608
YHRCDELTA16,YPR191W,0.04317211231577867
YHRCDELTA16,YPR192W,-0.18646935423023825
YHRCDELTA16,YPR193C,0.18689919486824927
YHRCDELTA16,YPR194C,-0.04333773456635844
YHRCDELTA16,YPR195C,0.38117605410336725
YHRCDELTA16,YPR196W,0.20834544872843586
YHRCDELTA16,YPR197C,0.17192177463396144
YHRCDELTA16,YPR198W,0.20790412028340113
YHRCDELTA16,YPR199C,0.2441692397426301
YHRCDELTA16,YPR200C,0.29934454120458803
YHRCDELTA16,YPR201W,-0.0749398888050019
YHRCDELTA16,YPL075W,0.43407614762959196
YHRCDELTA16,NC_001148,0.4206758480224177
YHRCDELTA16,YPR163C,-0.05130289058579973
YHRCDELTA16,YPR164W,0.27104369284558
YHRCDELTA16,YPR165W,0.35920254375359306
YHRCDELTA16,YPR166C,0.3272866601956432
YHRCDELTA16,YPR167C,-0.10945387529436998
YHRCDELTA16,YPR168W,-0.019211779444845232
YHRCDELTA16,YPR169W,-0.026412527883820848
YHRCDELTA16,YPR170C,0.16990070409766925
YHRCDELTA16,YPR171W,0.43042121182521004
YHRCDELTA16,YPR172W,0.28854497539931356
YHRCDELTA16,YPR173C,0.20181067519304777
YHRCDELTA16,YPR174C,0.16419981214019938
YHRCDELTA16,YPR175W,0.10206158272371091
YHRCDELTA16,YPR176C,0.18511776252874163
YHRCDELTA16,YPR177C,0.27228845242775884
YHRCDELTA16,YPR178W,0.22227640158086984
YHRCDELTA16,YPR179C,0.3826839568740349
YHRCDELTA16,YPR180W,0.22687315324438156
YHRCDELTA16,YPR181C,0.3767180069705605
YHRCDELTA16,YPR182W,0.24210660931964637
YHRCDELTA16,YPR183W,0.046221350388392736
YHRCDELTA16,YPR184W,0.14685936034813943
YHRCDELTA16,YPR185W,0.26015232421177326
YHRCDELTA16,YPR141C,0.2843604172546161
YHRCDELTA16,YPR142C,-0.11827956312107515
YHRCDELTA16,YPR143W,-0.08066259275073101
YHRCDELTA16,YPR144C,-0.13866515948673774
YHRCDELTA16,YPR145W,-0.12971629533539764
YHRCDELTA16,YPR146C,0.4969030525150771
YHRCDELTA16,YPR147C,0.37017483538377915
YHRCDELTA16,YPR148C,0.38901100628812246
YHRCDELTA16,YPR149W,0.13435400112444254
YHRCDELTA16,YPR150W,0.1517197173482555
YHRCDELTA16,YPR151C,0.1856456110412171
YHRCDELTA16,YPR152C,-0.10300066937834486
YHRCDELTA16,YPR153W,-0.13431143862476028
YHRCDELTA16,YPR154W,0.09957362541501143
YHRCDELTA16,YPR155C,0.2875240326040833
YHRCDELTA16,YPR156C,-0.05985143876701586
YHRCDELTA16,YPR157W,0.13871892164706925
YHRCDELTA16,YPR158W,0.14848202607482658
YHRCDELTA16,YPR159W,-0.05258535005163174
YHRCDELTA16,YPR160W,0.2783695730221753
YHRCDELTA16,YPR161C,-0.02811702664671901
YHRCDELTA16,YPR162C,0.08009984622612558
YHRCDELTA16,YPR121W,-0.061830583552247576
YHRCDELTA16,YPR122W,0.09110544308509647
YHRCDELTA16,YPR123C,0.10844697483335682
YHRCDELTA16,YPR124W,0.0074014586432382045
YHRCDELTA16,YPR125W,-0.14548732855330762
YHRCDELTA16,YPR126C,-0.06756142446014557
YHRCDELTA16,YPR127W,0.16046231911889666
YHRCDELTA16,YPR128C,0.11170622868650125
YHRCDELTA16,YPR129W,0.19707835259181847
YHRCDELTA16,YPR130C,0.09753799920162132
YHRCDELTA16,YPR131C,0.11914087935735677
YHRCDELTA16,YPR132W,0.10900511753917418
YHRCDELTA16,YPR133C,0.206738669692729
YHRCDELTA16,YPR133W-A,0.25846964225688945
YHRCDELTA16,YPR134W,0.3344612729247548
YHRCDELTA16,YPR135W,0.23797805595187807
YHRCDELTA16,YPR136C,-0.04189316275986308
YHRCDELTA16,YPR137W,-0.0968771321669238
YHRCDELTA16,YPR138C,-0.12054927736110932
YHRCDELTA16,YPR139C,0.12599593920143892
YHRCDELTA16,YPR140W,0.3028258515464875
YHRCDELTA16,YPR099C,0.309373369975799
YHRCDELTA16,YPR100W,0.3968458568307606
YHRCDELTA16,YPR101W,0.40513138783818897
YHRCDELTA16,YPR102C,0.07939975547644985
YHRCDELTA16,YPR103W,0.23280670789905084
YHRCDELTA16,YPR104C,0.23785552527772552
YHRCDELTA16,YPR105C,0.2824845206217159
YHRCDELTA16,YPR106W,0.14416106973680762
YHRCDELTA16,YPR107C,0.5487284293561208
YHRCDELTA16,YPR108W,0.3430661137291829
YHRCDELTA16,YPR109W,0.5575563173089899
YHRCDELTA16,YPR110C,-0.09631615210413787
YHRCDELTA16,YPR111W,0.33334958559978384
YHRCDELTA16,YPR112C,-0.11727305495053715
YHRCDELTA16,YPR113W,-0.029559779338928414
YHRCDELTA16,YPR114W,-0.011266126017557561
YHRCDELTA16,YPR115W,0.19886755527706085
YHRCDELTA16,YPR116W,-0.0922421307177578
YHRCDELTA16,YPR117W,0.4785913787633171
YHRCDELTA16,YPR118W,0.19995716888921078
YHRCDELTA16,YPR119W,0.11563042807834358
YHRCDELTA16,YPR120C,0.08688306709057816
YHRCDELTA16,YPR078C,-0.11187894446489131
YHRCDELTA16,YPR079W,0.06338982323969913
YHRCDELTA16,YPR080W,0.24692261529373583
YHRCDELTA16,YPR081C,0.26887980372797143
YHRCDELTA16,YPR082C,0.3238894586330919
YHRCDELTA16,YPR083W,0.2752508735113668
YHRCDELTA16,YPR084W,0.20572551795170632
YHRCDELTA16,YPR085C,0.01694371214597112
YHRCDELTA16,YPR086W,0.009657367107566983
YHRCDELTA16,YPR087W,0.048186922827006054
YHRCDELTA16,YPR088C,-0.030268027616742715
YHRCDELTA16,YPR089W,0.13224464959419524
YHRCDELTA16,YPR090W,0.14073625968625122
YHRCDELTA16,YPR091C,0.23173164707565938
YHRCDELTA16,YPR092W,0.2573522344495907
YHRCDELTA16,YPR093C,-0.15579804299371833
YHRCDELTA16,YPR094W,0.08322588015765298
YHRCDELTA16,YPR095C,0.2895195110419273
YHRCDELTA16,YPR096C,0.03711248137426565
YHRCDELTA16,YPR097W,0.21762773630517182
YHRCDELTA16,YPR098C,0.3069970124632339
YHRCDELTA16,YPR055W,0.3884962424890722
YHRCDELTA16,YPR056W,0.2979698820703391
YHRCDELTA16,YPR057W,0.08155732038485664
YHRCDELTA16,YPR058W,-0.14688733490977982
YHRCDELTA16,YPR059C,-0.03686233627798887
YHRCDELTA16,YPR060C,-0.15334402294885197
YHRCDELTA16,YPR061C,0.11040975654131002
YHRCDELTA16,YPR062W,-0.0914751971578191
YHRCDELTA16,YPR063C,0.11284244018079054
YHRCDELTA16,YPR064W,0.30089791877731326
YHRCDELTA16,YPR065W,-0.07715805443006656
YHRCDELTA16,YPR066W,0.24760781606722773
YHRCDELTA16,YPR067W,0.32372541480714195
YHRCDELTA16,YPR068C,0.44355885808762735
YHRCDELTA16,YPR069C,0.18484552341529478
YHRCDELTA16,YPR070W,0.056575639450874106
YHRCDELTA16,YPR071W,-0.016131347926709807
YHRCDELTA16,YPR072W,0.41093915227428657
YHRCDELTA16,YPR073C,0.35529707420212664
YHRCDELTA16,YPR074C,-0.0440220296157164
YHRCDELTA16,YPR075C,0.1301805103988393
YHRCDELTA16,YPR076W,0.35195245684057225
YHRCDELTA16,YPR077C,0.4700973644766603
YHRCDELTA16,YPR035W,0.11350312310799224
YHRCDELTA16,YPR036W,0.05025957498632261
YHRCDELTA16,YPR037C,0.10054191972827319
YHRCDELTA16,YPR038W,-0.006372577412790537
YHRCDELTA16,YPR039W,0.018787160058865767
YHRCDELTA16,YPR040W,0.08664623731703203
YHRCDELTA16,YPR041W,-0.039830042363826174
YHRCDELTA16,YPR042C,0.31755512086982596
YHRCDELTA16,YPR043W,0.0667934525641956
YHRCDELTA16,YPR044C,0.17273548821793885
YHRCDELTA16,YPR045C,0.5431866776439201
YHRCDELTA16,YPR046W,0.45734374632827035
YHRCDELTA16,YPR047W,0.26853467462699676
YHRCDELTA16,YPR048W,-0.06100288731810351
YHRCDELTA16,YPR049C,0.1701135490287009
YHRCDELTA16,YPR050C,0.21371657445390627
YHRCDELTA16,YPR051W,0.15046638519807615
YHRCDELTA16,YPR052C,0.3713374544577478
YHRCDELTA16,YPR053C,0.41176383880474715
YHRCDELTA16,YPR054W,0.09017989836433506
YHRCDELTA16,YPR014C,-0.1618414700333271
YHRCDELTA16,YPR015C,0.22809719780687762
YHRCDELTA16,YPR016C,-0.11170742644415249
YHRCDELTA16,YPR017C,0.0188941384336946
YHRCDELTA16,YPR018W,-0.03350257294270415
YHRCDELTA16,YPR019W,0.01350473545644015
YHRCDELTA16,YPR020W,0.2748876734943981
YHRCDELTA16,YPR021C,0.14859409319196823
YHRCDELTA16,YPR022C,0.29907923121432056
YHRCDELTA16,YPR023C,0.1588645668200512
YHRCDELTA16,YPR024W,0.1784320173483507
YHRCDELTA16,YPR025C,0.3184672943891827
YHRCDELTA16,YPR026W,0.16357164149392264
YHRCDELTA16,YPR027C,0.22183530991396785
YHRCDELTA16,YPR028W,0.17231306684665318
YHRCDELTA16,YPR029C,0.11746422135887011
YHRCDELTA16,YPR030W,0.023154236109489145
YHRCDELTA16,YPR031W,0.2694748396961491
YHRCDELTA16,YPR032W,0.2639068098837253
YHRCDELTA16,YPR033C,-0.025747332961411705
YHRCDELTA16,YPR034W,0.1258113075534291
YHRCDELTA16,YPL010W,0.43653973296713067
YHRCDELTA16,YPL009C,0.0961337581895249
YHRCDELTA16,YPL008W,0.3098191035665501
YHRCDELTA16,YPL007C,0.37597725663601744
YHRCDELTA16,YPL006W,0.22099546115263138
YHRCDELTA16,YPL005W,0.21511349737262223
YHRCDELTA16,YPL004C,0.13087709021570396
YHRCDELTA16,YPL003W,0.2328168596746285
YHRCDELTA16,YPL002C,0.25507023666591827
YHRCDELTA16,YPL001W,0.2535043760560807
YHRCDELTA16,YPR001W,0.25926247503580946
YHRCDELTA16,YPR002W,0.24591855036547078
YHRCDELTA16,YPR003C,0.4707162405018219
YHRCDELTA16,YPR004C,0.1428292224724388
YHRCDELTA16,YPR005C,0.3157067345456757
YHRCDELTA16,YPR006C,0.17107965992567675
YHRCDELTA16,YPR007C,0.3675777152898566
YHRCDELTA16,YPR008W,0.12659164614344995
YHRCDELTA16,YPR009W,-0.0961226219024059
YHRCDELTA16,YPR010C,-0.13388759424964256
YHRCDELTA16,YPR011C,0.16148173294102589
YHRCDELTA16,YPR012W,0.28346955349965125
YHRCDELTA16,YPR013C,-0.0004937920884111833
YHRCDELTA16,YPL032C,0.17096786074259882
YHRCDELTA16,YPL031C,0.20860963848348674
YHRCDELTA16,YPL030W,-0.06720345254150324
YHRCDELTA16,YPL029W,0.2476500682724614
YHRCDELTA16,YPL028W,0.11919785308889619
YHRCDELTA16,YPL027W,0.292543286217457
YHRCDELTA16,YPL026C,0.034849690823161944
YHRCDELTA16,YPL025C,-0.012150714782777705
YHRCDELTA16,YPL024W,0.23333549663932465
YHRCDELTA16,YPL023C,-0.13795379987629922
YHRCDELTA16,YPL022W,0.17702228753587906
YHRCDELTA16,YPL021W,0.08682009218874683
YHRCDELTA16,YPL020C,0.4031768402099076
YHRCDELTA16,YPL019C,0.4345243250866941
YHRCDELTA16,YPL018W,0.32213459727061877
YHRCDELTA16,YPL017C,0.19098679887864217
YHRCDELTA16,YPL016W,0.44121902934314183
YHRCDELTA16,YPL015C,0.12918055937807524
YHRCDELTA16,YPL014W,0.08886420236121494
YHRCDELTA16,YPL013C,0.3487733588123765
YHRCDELTA16,YPL012W,-0.13632871195512078
YHRCDELTA16,YPL011C,0.337819565336628
YHRCDELTA16,YPL055C,-0.03241572053721887
YHRCDELTA16,YPL054W,0.13146599932579978
YHRCDELTA16,YPL053C,0.3858345020612495
YHRCDELTA16,YPL052W,0.20828756386009423
YHRCDELTA16,YPL051W,0.17128769892688817
YHRCDELTA16,YPL050C,0.10537526928834909
YHRCDELTA16,YPL049C,0.018676626868956075
YHRCDELTA16,YPL048W,0.2253200702599167
YHRCDELTA16,YPL047W,-0.048037874808451654
YHRCDELTA16,YPL046C,0.13121220493553534
YHRCDELTA16,YPL045W,0.24014928308751515
YHRCDELTA16,YPL044C,-0.16310582427069883
YHRCDELTA16,YPL043W,-0.10247307834231999
YHRCDELTA16,YPL042C,-0.011166228803834471
YHRCDELTA16,YPL041C,0.1650489526631903
YHRCDELTA16,YPL040C,0.1339984982433851
YHRCDELTA16,YPL039W,0.08401274669781775
YHRCDELTA16,YPL038W,-0.09738191764549814
YHRCDELTA16,YPL037C,-0.029687480454156395
YHRCDELTA16,YPL036W,-0.09114107467253227
YHRCDELTA16,YPL035C,0.18216037696900475
YHRCDELTA16,YPL034W,0.4724703223823194
YHRCDELTA16,YPL033C,0.31587852470792344
YHRCDELTA16,YPL079W,-0.06567392569062955
YHRCDELTA16,YPL078C,0.38098846171509965
YHRCDELTA16,YPL077C,0.06797662945027486
YHRCDELTA16,YPL076W,-0.1967823773604804
YHRCDELTA16,YPL074W,0.20074872603133967
YHRCDELTA16,YPL073C,0.23464078681942677
YHRCDELTA16,YPL072W,0.24136922801245836
YHRCDELTA16,YPL071C,0.009498196567313787
YHRCDELTA16,YPL070W,0.19206353803604037
YHRCDELTA16,YPL069C,0.12125938837518682
YHRCDELTA16,YPL068C,-0.10969150167852876
YHRCDELTA16,YPL067C,0.16698651704171202
YHRCDELTA16,YPL066W,0.37892944581581245
YHRCDELTA16,YPL065W,0.3247974907719963
YHRCDELTA16,YPL064C,0.10705472093986741
YHRCDELTA16,YPL063W,0.2511494971349625
YHRCDELTA16,YPL062W,0.2215329034824778
YHRCDELTA16,YPL061W,0.1552209437773573
YHRCDELTA16,YPL060W,0.5788588982865065
YHRCDELTA16,YPL059W,0.2554587769603866
YHRCDELTA16,YPL058C,0.0974592807420038
YHRCDELTA16,YPL057C,0.3252716120809242
YHRCDELTA16,YPL056C,0.0481081382200631
YHRCDELTA16,YPL101W,-0.020253403414967217
YHRCDELTA16,YPL100W,0.24522353371904926
YHRCDELTA16,YPL099C,0.4027085680128088
YHRCDELTA16,YPL098C,0.3036368398593813
YHRCDELTA16,YPL097W,0.1570331272492278
YHRCDELTA16,YPL096W,0.1153673513210968
YHRCDELTA16,YPL095C,0.37161772304595914
YHRCDELTA16,YPL094C,0.13253662990698686
YHRCDELTA16,YPL093W,-0.14715163711015733
YHRCDELTA16,YPL092W,0.0738976975143395
YHRCDELTA16,YPL091W,0.13633954857710287
YHRCDELTA16,YPL090C,0.05009410604454004
YHRCDELTA16,YPL089C,0.11749639129318501
YHRCDELTA16,YPL088W,-0.03959649132800081
YHRCDELTA16,YPL087W,0.3404063523758384
YHRCDELTA16,YPL086C,-0.0963634083708901
YHRCDELTA16,YPL085W,0.08325922564169633
YHRCDELTA16,YPL084W,0.07130838411623078
YHRCDELTA16,YPL083C,0.09106016281104878
YHRCDELTA16,YPL082C,0.2349531959039516
YHRCDELTA16,YPL081W,-0.0931380002069492
YHRCDELTA16,YPL080C,0.39752343098460025
YHRCDELTA16,YPL123C,0.25854199603590516
YHRCDELTA16,YPL122C,0.025974181640501786
YHRCDELTA16,YPL121C,-0.047083432722151014
YHRCDELTA16,YPL120W,0.22826423024825512
YHRCDELTA16,YPL119C,0.13532909746367278
YHRCDELTA16,YPL118W,0.2976628545007045
YHRCDELTA16,YPL117C,-0.06572696726395742
YHRCDELTA16,YPL116W,0.45583124112965656
YHRCDELTA16,YPL115C,0.1857162377207775
YHRCDELTA16,YPL114W,0.15852661217663844
YHRCDELTA16,YPL113C,0.27775401519961973
YHRCDELTA16,YPL112C,0.051900289826790916
YHRCDELTA16,YPL111W,-0.12359363592214528
YHRCDELTA16,YPL110C,0.18434154744539627
YHRCDELTA16,YPL109C,0.1703727387034466
YHRCDELTA16,YPL108W,-0.13139406415391724
YHRCDELTA16,YPL107W,-0.003534932466599143
YHRCDELTA16,YPL106C,-0.02997460590530254
YHRCDELTA16,YPL105C,-0.1357201455260135
YHRCDELTA16,YPL104W,0.15664701855506064
YHRCDELTA16,YPL103C,-0.05382233183242462
YHRCDELTA16,YPL102C,0.2149882940054696
YHRCDELTA16,YPL146C,-0.0790180019540027
YHRCDELTA16,YPL145C,0.07726261403586866
YHRCDELTA16,YPL144W,0.09734483380110126
YHRCDELTA16,YPL143W,-0.0654247141937079
YHRCDELTA16,YPL142C,-0.017212718362444847
YHRCDELTA16,YPL141C,0.12871251243808238
YHRCDELTA16,YPL140C,0.13541426900102707
YHRCDELTA16,YPL139C,0.05783749625676853
YHRCDELTA16,YPL138C,0.07978993516793612
YHRCDELTA16,YPL137C,-0.22681814672418033
YHRCDELTA16,YPL136W,0.34531207583115625
YHRCDELTA16,YPL135W,0.199028738649529
YHRCDELTA16,YPL134C,0.27177900683463563
YHRCDELTA16,YPL133C,0.06723819213484593
YHRCDELTA16,YPL132W,0.23213264723494714
YHRCDELTA16,YPL131W,-0.030219026556137656
YHRCDELTA16,YPL130W,0.11653872734184262
YHRCDELTA16,YPL129W,0.1894314041744794
YHRCDELTA16,YPL128C,0.09466034149522684
YHRCDELTA16,YPL127C,0.3152354802523299
YHRCDELTA16,YPL126W,-0.0819830313660972
YHRCDELTA16,YPL125W,0.47269638496027294
YHRCDELTA16,YPL124W,0.1871351749768822
YHRCDELTA16,YPL168W,0.30958689781583865
YHRCDELTA16,YPL167C,0.2585039346328074
YHRCDELTA16,YPL166W,0.3205652340455323
YHRCDELTA16,YPL165C,-0.024723004101385438
YHRCDELTA16,YPL164C,0.3211708768394512
YHRCDELTA16,YPL163C,0.20022814628174063
YHRCDELTA16,YPL162C,0.23133375800493527
YHRCDELTA16,YPL161C,0.3857675231502937
YHRCDELTA16,YPL160W,-0.005425620437236672
YHRCDELTA16,YPL159C,-0.1637568969613922
YHRCDELTA16,YPL158C,0.2104643441688839
YHRCDELTA16,YPL157W,0.08086657833926847
YHRCDELTA16,YPL156C,0.060337226609976445
YHRCDELTA16,YPL155C,0.15287435303078617
YHRCDELTA16,YPL154C,0.20759754046849838
YHRCDELTA16,YPL153C,0.11144122562446486
YHRCDELTA16,YPL152W,0.25771440536876206
YHRCDELTA16,YPL151C,0.23582080011421883
YHRCDELTA16,YPL150W,0.12004611234830717
YHRCDELTA16,YPL149W,0.34609728130806905
YHRCDELTA16,YPL148C,0.29626310126672784
YHRCDELTA16,YPL147W,0.2566992932356244
YHRCDELTA16,YPL190C,0.18654567550496856
YHRCDELTA16,YPL189W,-0.015888053985107477
YHRCDELTA16,YPL188W,0.10872936841127402
YHRCDELTA16,YPL187W,-0.018413089690957188
YHRCDELTA16,YPL186C,0.20001307956639114
YHRCDELTA16,YPL185W,0.2364308327218671
YHRCDELTA16,YPL184C,0.43925329730825713
YHRCDELTA16,YPL183W-A,0.17864752940409248
YHRCDELTA16,YPL183C,-0.1094499734703183
YHRCDELTA16,YPL182C,0.08260609324403681
YHRCDELTA16,YPL181W,0.27731226049452706
YHRCDELTA16,YPL180W,0.052570735479325795
YHRCDELTA16,YPL179W,0.28942164766954254
YHRCDELTA16,YPL178W,0.32106870951795646
YHRCDELTA16,YPL177C,-0.019588476807507256
YHRCDELTA16,YPL176C,0.02536921675279242
YHRCDELTA16,YPL175W,-0.09909404738140383
YHRCDELTA16,YPL174C,0.22500124921139017
YHRCDELTA16,YPL173W,0.09799090824121644
YHRCDELTA16,YPL172C,0.12318065597524527
YHRCDELTA16,YPL171C,-0.02774616851909346
YHRCDELTA16,YPL170W,0.10009409289115463
YHRCDELTA16,YPL169C,-0.0918270377014242
YHRCDELTA16,YPL211W,-0.10974859264153486
YHRCDELTA16,YPL210C,0.18577774899577212
YHRCDELTA16,YPL209C,0.14757366322980994
YHRCDELTA16,YPL208W,0.3070633108509168
YHRCDELTA16,YPL207W,-0.104444092398322
YHRCDELTA16,YPL206C,0.15005768865529182
YHRCDELTA16,YPL205C,0.032338246194198006
YHRCDELTA16,YPL204W,-0.23150657346753076
YHRCDELTA16,YPL203W,0.10575470818840862
YHRCDELTA16,YPL202C,-0.010373785580714811
YHRCDELTA16,YPL201C,0.2121907733167871
YHRCDELTA16,YPL200W,0.23790361393670062
YHRCDELTA16,YPL199C,-0.10910003011894795
YHRCDELTA16,YPL198W,-0.0073884043934001695
YHRCDELTA16,YPL197C,0.14079022828187754
YHRCDELTA16,YPL196W,0.4187902085172949
YHRCDELTA16,YPL195W,0.3905627877943164
YHRCDELTA16,YPL194W,0.16918437700232247
YHRCDELTA16,YPL193W,0.15022100651866702
YHRCDELTA16,YPL192C,0.09345353290817845
YHRCDELTA16,YPL191C,0.32958421130920895
YHRCDELTA16,YPL234C,0.15808118283107025
YHRCDELTA16,YPL233W,-0.04138828211335399
YHRCDELTA16,YPL232W,-0.14806732766053535
YHRCDELTA16,YPL231W,0.192708613530697
YHRCDELTA16,YPL230W,0.19393745656586753
YHRCDELTA16,YPL229W,-0.022195048338692798
YHRCDELTA16,YPL228W,0.4326384978238359
YHRCDELTA16,YPL227C,0.10462470337762668
YHRCDELTA16,YPL226W,-0.1156423440285104
YHRCDELTA16,YPL225W,0.4985621554814231
YHRCDELTA16,YPL224C,0.28175808214408005
YHRCDELTA16,YPL223C,-0.027670076888972946
YHRCDELTA16,YPL222W,0.1501814476472887
YHRCDELTA16,YPL221W,-0.09112299514492642
YHRCDELTA16,YPL220W,0.10259666282383223
YHRCDELTA16,YPL219W,0.372295277503366
YHRCDELTA16,YPL218W,0.3950803254146043
YHRCDELTA16,YPL217C,-0.10192029341279955
YHRCDELTA16,YPL216W,0.2988281522079599
YHRCDELTA16,YPL215W,0.17044249204409612
YHRCDELTA16,YPL214C,-0.03345516482855297
YHRCDELTA16,YPL213W,0.0885388703255085
YHRCDELTA16,YPL212C,-0.12450447754375207
YHRCDELTA16,YPL256C,0.14199109045380479
YHRCDELTA16,YPL255W,0.2589585179725561
YHRCDELTA16,YPL254W,0.2025821126840983
YHRCDELTA16,YPL253C,0.42986663143267817
YHRCDELTA16,YPL252C,0.09674387285883174
YHRCDELTA16,YPL251W,0.09170843542722036
YHRCDELTA16,YPL250C,0.1190645822964445
YHRCDELTA16,YPL249C-A,-0.01822300337966553
YHRCDELTA16,YPL249C,0.1369141443490468
YHRCDELTA16,YPL248C,0.16396169871663585
YHRCDELTA16,YPL247C,0.1066590059837456
YHRCDELTA16,YPL246C,-0.028853403696037352
YHRCDELTA16,YPL245W,0.1198856201313438
YHRCDELTA16,YPL244C,0.06703259794623741
YHRCDELTA16,YPL243W,0.24354431951287733
YHRCDELTA16,YPL242C,0.3921522835178208
YHRCDELTA16,YPL241C,0.08179928113371096
YHRCDELTA16,YPL240C,0.06298816169513557
YHRCDELTA16,YPL239W,-0.14333102946493814
YHRCDELTA16,YPL238C,-0.1765443635354631
YHRCDELTA16,YPL237W,-0.1565052481527853
YHRCDELTA16,YPL236C,0.02758878457165679
YHRCDELTA16,YPL235W,-0.10897884720917751
YHRCDELTA16,SNR31,0.20724669454179148
YHRCDELTA16,SNR5,0.15497060727160147
YHRCDELTA16,YPL277C,0.1006402162474006
YHRCDELTA16,YPL276W,0.12240044623764969
YHRCDELTA16,YPL274W,0.11568716090592947
YHRCDELTA16,YPL273W,-0.023967897896759547
YHRCDELTA16,YPL272C,-0.1352628627277361
YHRCDELTA16,YPL271W,0.21059984057121495
YHRCDELTA16,YPL270W,0.037638850742047474
YHRCDELTA16,YPL269W,0.12956302970700184
YHRCDELTA16,YPL268W,-0.00604452960572546
YHRCDELTA16,YPL267W,-0.005616947135615649
YHRCDELTA16,YPL266W,-0.1376272596860978
YHRCDELTA16,YPL265W,-0.11321123883931478
YHRCDELTA16,YPL264C,0.3259729199243081
YHRCDELTA16,YPL263C,-0.04534888709278627
YHRCDELTA16,YPL262W,0.24979990248215186
YHRCDELTA16,YPL261C,0.15756608908594352
YHRCDELTA16,YPL260W,0.2961419247655524
YHRCDELTA16,YPL259C,0.33404606575530393
YHRCDELTA16,YPL258C,0.14451559642795458
YHRCDELTA16,YPL257W,0.2779991326746241
YHRCDELTA16,SNR58,0.10978282479168816
YHRCDELTA16,SNR50,0.1481142144040067
YHRCDELTA16,CEN15,-0.14298904591600256
YHRCDELTA16,SNR9,0.23828838429434485
YHRCDELTA16,SNR62,0.4123491398566418
YHRCDELTA16,SNR36,0.3742744477180507
YHRCDELTA16,SNR35,0.25932157212233237
YHRCDELTA16,snr17a,-0.011351731999055781
YHRCDELTA16,SNR8,0.06785970663058526
YHRCDELTA16,YOR384W,0.15586036481104557
YHRCDELTA16,YOR385W,0.20986199901734084
YHRCDELTA16,YOR386W,0.29084987750984265
YHRCDELTA16,YOR387C,0.144517285727196
YHRCDELTA16,YOR388C,0.11425459388115251
YHRCDELTA16,YOR389W,0.13071309811561205
YHRCDELTA16,YOR390W,0.11893304276833955
YHRCDELTA16,YOR392W,0.23855995601619667
YHRCDELTA16,YOR394W,0.3767604193528464
YHRCDELTA16,YOL013W-A,0.1838313641481825
YHRCDELTA16,YOL038c-a,0.34598352981131975
YHRCDELTA16,YOR069W,0.4997148736114471
YHRCDELTA16,YOR074C,0.10039407628622829
YHRCDELTA16,YOR362C,0.3501600522289052
YHRCDELTA16,YOR363C,0.25265600949224154
YHRCDELTA16,YOR364W,0.1562511655336402
YHRCDELTA16,YOR365C,0.19379625586896232
YHRCDELTA16,YOR366W,0.28344914972001606
YHRCDELTA16,YOR367W,0.23583267612866682
YHRCDELTA16,YOR368W,0.1556232866040309
YHRCDELTA16,YOR369C,0.04236632648392564
YHRCDELTA16,YOR370C,-0.06256824427079348
YHRCDELTA16,YOR371C,-0.017635574554012663
YHRCDELTA16,YOR372C,0.14706096320054543
YHRCDELTA16,YOR373W,0.14608679309949515
YHRCDELTA16,YOR374W,0.10452085507392396
YHRCDELTA16,YOR375C,0.07570938999875837
YHRCDELTA16,YOR376W,0.2457650605148967
YHRCDELTA16,YOR377W,0.1846763642628209
YHRCDELTA16,YOR378W,0.08718333464115985
YHRCDELTA16,YOR379C,0.13461026156412562
YHRCDELTA16,YOR380W,0.19168398608101847
YHRCDELTA16,YOR381W,0.3457489352146556
YHRCDELTA16,YOR382W,0.16537530681704896
YHRCDELTA16,YOR383C,0.15055354425823145
YHRCDELTA16,YOR339C,0.012406470413887606
YHRCDELTA16,YOR340C,-0.14866436059369653
YHRCDELTA16,YOR341W,-0.18269716810042974
YHRCDELTA16,YOR342C,-0.13946161273607682
YHRCDELTA16,YOR343C,0.14693049382085002
YHRCDELTA16,YOR344C,-0.05601999702150881
YHRCDELTA16,YOR345C,0.11106531711914129
YHRCDELTA16,YOR346W,0.13465912156782464
YHRCDELTA16,YOR347C,0.15641129203455423
YHRCDELTA16,YOR348C,0.051133321044293835
YHRCDELTA16,YOR349W,0.18028469894715937
YHRCDELTA16,YOR350C,0.2702232376781967
YHRCDELTA16,YOR351C,0.19182118132255083
YHRCDELTA16,YOR352W,0.38375569926969677
YHRCDELTA16,YOR353C,0.3950885154117352
YHRCDELTA16,YOR354C,0.28295476318924173
YHRCDELTA16,YOR355W,0.11777228044322018
YHRCDELTA16,YOR356W,0.27362442760367256
YHRCDELTA16,YOR357C,0.38111645442201875
YHRCDELTA16,YOR358W,0.040568738326494304
YHRCDELTA16,YOR359W,-0.16824058601430136
YHRCDELTA16,YOR360C,-0.10071821099682424
YHRCDELTA16,YOR361C,-0.11507372101454495
YHRCDELTA16,YOR316C,0.10539726707930808
YHRCDELTA16,YOR317W,0.14482269963281416
YHRCDELTA16,YOR318C,0.43295408497916277
YHRCDELTA16,YOR319W,0.4215191415610529
YHRCDELTA16,YOR320C,0.34651850078648067
YHRCDELTA16,YOR321W,0.22203643657368982
YHRCDELTA16,YOR322C,0.08122911381694457
YHRCDELTA16,YOR323C,-0.07865450124973176
YHRCDELTA16,YOR324C,0.22071814742679624
YHRCDELTA16,YOR325W,0.16234447719138625
YHRCDELTA16,YOR326W,0.2367667132546078
YHRCDELTA16,YOR327C,0.20286225975782868
YHRCDELTA16,YOR328W,0.025343333584251233
YHRCDELTA16,YOR329C,0.2883737615100539
YHRCDELTA16,YOR330C,0.4977564217930954
YHRCDELTA16,YOR331C,0.07638908996494513
YHRCDELTA16,YOR332W,0.04305067934534483
YHRCDELTA16,YOR333C,0.17020539787015315
YHRCDELTA16,YOR334W,0.1267727541977159
YHRCDELTA16,YOR335C,-0.0338115096905811
YHRCDELTA16,YOR336W,0.12526980608863897
YHRCDELTA16,YOR337W,-0.20515640911622468
YHRCDELTA16,YOR338W,-0.17776580222901148
YHRCDELTA16,YOR297C,0.18582068444109326
YHRCDELTA16,YOR298W,0.3386787746899885
YHRCDELTA16,YOR298C-A,0.2974331169904398
YHRCDELTA16,YOR299W,0.03276170458132251
YHRCDELTA16,YOR300W,-0.04351390099676188
YHRCDELTA16,YOR301W,-0.005651881057325259
YHRCDELTA16,YOR302W,0.0004109692833184642
YHRCDELTA16,YOR303W,0.015808661499050036
YHRCDELTA16,YOR304W,0.20987435169861077
YHRCDELTA16,YOR304C-A,0.08068693912300282
YHRCDELTA16,YOR305W,0.11290495340753774
YHRCDELTA16,YOR306C,-0.16681356154202062
YHRCDELTA16,YOR307C,-0.022436954782322986
YHRCDELTA16,YOR308C,-0.10385831452248445
YHRCDELTA16,YOR309C,-0.19495282399828015
YHRCDELTA16,YOR310C,-0.20036791362578976
YHRCDELTA16,YOR311C,-0.08963503847704685
YHRCDELTA16,YOR313C,0.0031903481654350064
YHRCDELTA16,YOR314W,0.15679366619318802
YHRCDELTA16,YOR315W,-0.06537513192093786
YHRCDELTA16,YOR276W,-0.0028412774729999653
YHRCDELTA16,YOR277C,-0.10750053527314776
YHRCDELTA16,YOR278W,0.09075212302193106
YHRCDELTA16,YOR279C,0.136777884784853
YHRCDELTA16,YOR280C,0.16177008581787103
YHRCDELTA16,YOR281C,-0.136441620363826
YHRCDELTA16,YOR282W,-0.21195733233610756
YHRCDELTA16,YOR283W,-0.13614130729377835
YHRCDELTA16,YOR284W,0.13861198128096922
YHRCDELTA16,YOR285W,0.20909689159576553
YHRCDELTA16,YOR286W,0.2458016023771012
YHRCDELTA16,YOR287C,-0.0802578007196879
YHRCDELTA16,YOR288C,0.306672958853206
YHRCDELTA16,YOR289W,0.24231015780402768
YHRCDELTA16,YOR290C,0.07724416005640725
YHRCDELTA16,YOR291W,0.10379497159760925
YHRCDELTA16,YOR292C,0.2555309675189501
YHRCDELTA16,YOR293W,0.041576001792468335
YHRCDELTA16,YOR294W,-0.08297292456765945
YHRCDELTA16,YOR295W,0.22368531152588905
YHRCDELTA16,YOR296W,0.35995313269140433
YHRCDELTA16,YOR253W,0.1967880150768231
YHRCDELTA16,YOR254C,0.12438110239583286
YHRCDELTA16,YOR255W,0.44492523015900676
YHRCDELTA16,YOR256C,0.31713035592979993
YHRCDELTA16,YOR257W,0.24154510202708881
YHRCDELTA16,YOR258W,0.34703412073666734
YHRCDELTA16,YOR259C,0.4050649798943288
YHRCDELTA16,YOR260W,-0.041270003994053846
YHRCDELTA16,YOR261C,0.3874675607666771
YHRCDELTA16,YOR262W,0.3016909354970846
YHRCDELTA16,YOR263C,0.05327291630311845
YHRCDELTA16,YOR264W,0.1352813914269615
YHRCDELTA16,YOR265W,0.34081858516691155
YHRCDELTA16,YOR266W,0.42532027144128753
YHRCDELTA16,YOR267C,0.044685479576957496
YHRCDELTA16,YOR268C,0.11629945916600168
YHRCDELTA16,YOR269W,-0.015158503346652114
YHRCDELTA16,YOR270C,0.041250803346259704
YHRCDELTA16,YOR271C,-0.1441617315341053
YHRCDELTA16,YOR272W,-0.13779524749874533
YHRCDELTA16,YOR273C,0.22925002473444853
YHRCDELTA16,YOR274W,0.03359725263420562
YHRCDELTA16,YOR275C,0.2650047764034934
YHRCDELTA16,YOR231W,0.3268805006952117
YHRCDELTA16,YOR232W,0.3022317035877875
YHRCDELTA16,YOR233W,-0.028143007971928147
YHRCDELTA16,YOR234C,-0.019851366589198217
YHRCDELTA16,YOR235W,0.01880881307972257
YHRCDELTA16,YOR236W,0.05165403632726317
YHRCDELTA16,YOR237W,0.16753427379277563
YHRCDELTA16,YOR238W,-0.013554858776968265
YHRCDELTA16,YOR239W,-0.026621701322789706
YHRCDELTA16,YOR240W,0.06579001611175503
YHRCDELTA16,YOR241W,0.07539609343625582
YHRCDELTA16,YOR242C,0.35609433174478383
YHRCDELTA16,YOR243C,-0.1319421981338928
YHRCDELTA16,YOR244W,0.21697135871058099
YHRCDELTA16,YOR245C,0.1957738602672976
YHRCDELTA16,YOR246C,0.03520619751553647
YHRCDELTA16,YOR247W,0.1958778402060949
YHRCDELTA16,YOR248W,0.1338380116534232
YHRCDELTA16,YOR249C,0.24691551260392555
YHRCDELTA16,YOR250C,0.11225781765798604
YHRCDELTA16,YOR251C,0.10972481058944901
YHRCDELTA16,YOR252W,-0.08544311034872898
YHRCDELTA16,YOR209C,-0.08341320630205472
YHRCDELTA16,YOR210W,-0.001246457702747665
YHRCDELTA16,YOR211C,0.21888583240735668
YHRCDELTA16,YOR212W,0.07839009783240737
YHRCDELTA16,YOR213C,0.12026170970694958
YHRCDELTA16,YOR214C,0.24265562875694177
YHRCDELTA16,YOR215C,0.2750111762445941
YHRCDELTA16,YOR216C,0.049180908266100956
YHRCDELTA16,YOR217W,-0.03927222968607143
YHRCDELTA16,YOR218C,0.13854018113733374
YHRCDELTA16,YOR219C,0.2705248303254867
YHRCDELTA16,YOR220W,0.18408633523020076
YHRCDELTA16,YOR221C,0.15143025239334534
YHRCDELTA16,YOR222W,0.026687103649634888
YHRCDELTA16,YOR223W,0.21696728164586518
YHRCDELTA16,YOR224C,-0.1111401191268313
YHRCDELTA16,YOR225W,-0.0775356986272128
YHRCDELTA16,YOR226C,-0.1371249109212256
YHRCDELTA16,YOR227W,0.20845383267749912
YHRCDELTA16,YOR228C,0.23386786986326175
YHRCDELTA16,YOR229W,0.08584402000333889
YHRCDELTA16,YOR230W,0.13462743990001222
YHRCDELTA16,YOR187W,0.18201203729909665
YHRCDELTA16,YOR188W,0.0001401700036721313
YHRCDELTA16,YOR189W,0.05402923960654924
YHRCDELTA16,YOR190W,0.49304800061398557
YHRCDELTA16,YOR191W,0.4347945364743335
YHRCDELTA16,YOR192C,0.16088719022578107
YHRCDELTA16,YOR193W,0.4508818197641652
YHRCDELTA16,YOR194C,0.3220944546703861
YHRCDELTA16,YOR195W,0.34154646814372225
YHRCDELTA16,YOR196C,0.26023048040329766
YHRCDELTA16,YOR197W,0.2824613431463435
YHRCDELTA16,YOR198C,0.256830452245236
YHRCDELTA16,YOR199W,0.22879425805448528
YHRCDELTA16,YOR200W,0.015516444230832288
YHRCDELTA16,YOR201C,0.10030272159316883
YHRCDELTA16,YOR202W,-0.1977735717585101
YHRCDELTA16,YOR203W,-0.19034718604844297
YHRCDELTA16,YOR204W,-0.1140793112678796
YHRCDELTA16,YOR205C,-0.0075001731878367416
YHRCDELTA16,YOR206W,-0.0996854104163034
YHRCDELTA16,YOR207C,-0.1264532405310181
YHRCDELTA16,YOR208W,0.3729331781859654
YHRCDELTA16,YOR165W,0.4671365099683095
YHRCDELTA16,YOR166C,0.3394890705470368
YHRCDELTA16,YOR167C,0.10788853528427722
YHRCDELTA16,YOR168W,0.06249138759544593
YHRCDELTA16,YOR169C,0.12343917097060884
YHRCDELTA16,YOR170W,0.14642258484982873
YHRCDELTA16,YOR171C,0.08046591854420287
YHRCDELTA16,YOR172W,0.13589210187140566
YHRCDELTA16,YOR173W,0.18245204413619223
YHRCDELTA16,YOR174W,0.17590448499460545
YHRCDELTA16,YOR175C,0.5118053159863212
YHRCDELTA16,YOR176W,0.24720972419002057
YHRCDELTA16,YOR177C,0.23695355987640393
YHRCDELTA16,YOR178C,0.15859413153108198
YHRCDELTA16,YOR179C,0.07109878572270653
YHRCDELTA16,YOR180C,0.20153037252651035
YHRCDELTA16,YOR181W,0.0013254383901008366
YHRCDELTA16,YOR182C,0.09333759921785151
YHRCDELTA16,YOR183W,0.20473157498684336
YHRCDELTA16,YOR184W,-0.03522084469797548
YHRCDELTA16,YOR185C,0.09240530709858556
YHRCDELTA16,YOR186W,0.022156556402640176
YHRCDELTA16,YOR142W,0.2798146679507971
YHRCDELTA16,YOR143C,-0.0031388765807359863
YHRCDELTA16,YOR144C,0.03574826795730252
YHRCDELTA16,YOR145C,-0.11930830098110795
YHRCDELTA16,YOR146W,-0.12821933440024724
YHRCDELTA16,YOR147W,0.4353651930918994
YHRCDELTA16,YOR148C,0.2521049802171938
YHRCDELTA16,YOR149C,0.10284107660555264
YHRCDELTA16,YOR150W,0.23976413616867315
YHRCDELTA16,YOR151C,-0.01650281328657836
YHRCDELTA16,YOR152C,0.22703308915987694
YHRCDELTA16,YOR153W,-0.1561563730360188
YHRCDELTA16,YOR154W,-0.09181477122183865
YHRCDELTA16,YOR155C,0.2376614960882722
YHRCDELTA16,YOR156C,-0.0006836338181641416
YHRCDELTA16,YOR157C,0.21685445700850908
YHRCDELTA16,YOR158W,0.31642289425163744
YHRCDELTA16,YOR159C,0.22650987130641068
YHRCDELTA16,YOR160W,0.01633496174394305
YHRCDELTA16,YOR161C,0.11947450115415814
YHRCDELTA16,YOR162C,0.17257898313205655
YHRCDELTA16,YOR163W,0.270358426089488
YHRCDELTA16,YOR164C,0.4746707707993831
YHRCDELTA16,YOR120W,0.2538495777179793
YHRCDELTA16,YOR121C,0.250518889026045
YHRCDELTA16,YOR122C,0.344852724764418
YHRCDELTA16,YOR123C,0.029438199159749923
YHRCDELTA16,YOR124C,0.333600070490184
YHRCDELTA16,YOR125C,0.4549886338096571
YHRCDELTA16,YOR126C,0.0978826941878894
YHRCDELTA16,YOR127W,0.0864706578527648
YHRCDELTA16,YOR128C,-0.18228367656529
YHRCDELTA16,YOR129C,0.2470786199871788
YHRCDELTA16,YOR130C,0.0996804753260347
YHRCDELTA16,YOR131C,0.28136268731133435
YHRCDELTA16,YOR132W,0.21058405474052289
YHRCDELTA16,YOR133W,0.008886398140451331
YHRCDELTA16,YOR134W,0.2775124548305156
YHRCDELTA16,YOR135C,0.06789393336023783
YHRCDELTA16,YOR136W,0.07274651162569076
YHRCDELTA16,YOR137C,0.24697731688513372
YHRCDELTA16,YOR138C,0.1442982383475953
YHRCDELTA16,YOR139C,0.2543258713506421
YHRCDELTA16,YOR140W,-0.12327261699249258
YHRCDELTA16,YOR141C,0.17208044859742766
YHRCDELTA16,YOR097C,0.44649967685903375
YHRCDELTA16,YOR098C,-0.03092733098940049
YHRCDELTA16,YOR099W,0.41397530903405333
YHRCDELTA16,YOR100C,0.24316223226796535
YHRCDELTA16,YOR101W,-0.1572599874578234
YHRCDELTA16,YOR102W,0.34344782094350074
YHRCDELTA16,YOR103C,0.4816295133219098
YHRCDELTA16,YOR104W,0.163423426966615
YHRCDELTA16,YOR106W,0.0348678297840817
YHRCDELTA16,YOR107W,-0.08147116835219101
YHRCDELTA16,YOR108W,-0.1104804240877131
YHRCDELTA16,YOR109W,-0.04954675589254342
YHRCDELTA16,YOR110W,0.13030045822919303
YHRCDELTA16,YOR111W,0.36621103398726235
YHRCDELTA16,YOR112W,0.08916375579100597
YHRCDELTA16,YOR113W,0.2111800756998322
YHRCDELTA16,YOR114W,0.42760502876442663
YHRCDELTA16,YOR115C,0.0843026516493501
YHRCDELTA16,YOR116C,-0.12374794145473547
YHRCDELTA16,YOR117W,0.16585030506629356
YHRCDELTA16,YOR118W,0.3561162883148301
YHRCDELTA16,YOR119C,-0.07628950625475558
YHRCDELTA16,YOR076C,0.15311246129335238
YHRCDELTA16,YOR077W,0.1224912639269146
YHRCDELTA16,YOR078W,-0.08290352402617804
YHRCDELTA16,YOR079C,0.07046792893544412
YHRCDELTA16,YOR080W,0.3550303554494496
YHRCDELTA16,YOR081C,0.04232819035670322
YHRCDELTA16,YOR082C,0.11342421843552496
YHRCDELTA16,YOR083W,0.2137090040584916
YHRCDELTA16,YOR084W,0.1794800438343123
YHRCDELTA16,YOR085W,0.05776085588633807
YHRCDELTA16,YOR086C,0.07663616494629134
YHRCDELTA16,YOR087W,0.27572477645186483
YHRCDELTA16,YOR088W,0.19337189879157318
YHRCDELTA16,YOR089C,-0.02826943036341942
YHRCDELTA16,YOR090C,0.06550890953548316
YHRCDELTA16,YOR091W,-0.1769673855823885
YHRCDELTA16,YOR092W,0.19412516925923617
YHRCDELTA16,YOR093C,0.4803122059253747
YHRCDELTA16,YOR094W,0.34685061605100287
YHRCDELTA16,YOR095C,-0.07495590880285619
YHRCDELTA16,YOR096W,-0.05222801828645284
YHRCDELTA16,YOR052C,0.1818562043348849
YHRCDELTA16,YOR053W,0.13205508457531445
YHRCDELTA16,YOR054C,0.2616493246691801
YHRCDELTA16,YOR055W,0.11498625205946686
YHRCDELTA16,YOR056C,-0.14466898838367825
YHRCDELTA16,YOR057W,0.19467421293377424
YHRCDELTA16,YOR058C,0.1999896276315784
YHRCDELTA16,YOR059C,0.3480822457523858
YHRCDELTA16,YOR060C,0.07443241588664076
YHRCDELTA16,YOR061W,0.15692821680863586
YHRCDELTA16,YOR062C,0.1687859352859213
YHRCDELTA16,YOR063W,0.02156602228948737
YHRCDELTA16,YOR064C,0.30284960519450616
YHRCDELTA16,YOR065W,0.22687660928134365
YHRCDELTA16,YOR066W,0.03496194255516447
YHRCDELTA16,YOR067C,0.25779117705990445
YHRCDELTA16,YOR068C,0.26869518933400544
YHRCDELTA16,YOR070C,0.29121735702692
YHRCDELTA16,YOR071C,0.18172021682206174
YHRCDELTA16,YOR072W,0.18713769957539053
YHRCDELTA16,YOR073W,0.4088787004871158
YHRCDELTA16,YOR075W,0.37181475229550176
YHRCDELTA16,YOR029W,0.11043655840918498
YHRCDELTA16,YOR030W,0.3754612213263868
YHRCDELTA16,YOR031W,0.2131400556752193
YHRCDELTA16,YOR032C,0.006826308315559425
YHRCDELTA16,YOR033C,0.1229073951918314
YHRCDELTA16,YOR034C,0.27656236727223377
YHRCDELTA16,YOR035C,0.17892042923624302
YHRCDELTA16,YOR036W,0.3241219670017265
YHRCDELTA16,YOR037W,0.18887462907085956
YHRCDELTA16,YOR038C,0.11317108755115352
YHRCDELTA16,YOR039W,0.1258128920148763
YHRCDELTA16,YOR040W,0.13831773934749578
YHRCDELTA16,YOR041C,0.25388190466806987
YHRCDELTA16,YOR042W,0.27540892070318795
YHRCDELTA16,YOR043W,0.012695900100385266
YHRCDELTA16,YOR044W,0.07759570097009927
YHRCDELTA16,YOR045W,0.33550263856246143
YHRCDELTA16,YOR046C,-0.06884101146948696
YHRCDELTA16,YOR047C,-0.036566510051463885
YHRCDELTA16,YOR048C,-0.1572496708220822
YHRCDELTA16,YOR049C,-0.18888594356775243
YHRCDELTA16,YOR050C,0.013793876706650212
YHRCDELTA16,YOR051C,-0.13349881777544823
YHRCDELTA16,YOR008C-A,0.12935532249727577
YHRCDELTA16,YOR009W,0.20457242022668115
YHRCDELTA16,YOR010C,0.21682387588345778
YHRCDELTA16,YOR011W,0.18735776820216368
YHRCDELTA16,YOR012W,-0.13520834219396477
YHRCDELTA16,YOR013W,-0.134411996337037
YHRCDELTA16,YOR014W,0.30290145649180045
YHRCDELTA16,YOR015W,0.2276202702252561
YHRCDELTA16,YOR016C,0.19834211781291644
YHRCDELTA16,YOR017W,-0.006212042199908002
YHRCDELTA16,YOR018W,0.20227767043998565
YHRCDELTA16,YOR019W,0.26954731991228925
YHRCDELTA16,YOR020C,0.33419809891206903
YHRCDELTA16,YOR021C,-0.020407597284336332
YHRCDELTA16,YOR022C,0.09430064886508145
YHRCDELTA16,YOR023C,0.05815700240953874
YHRCDELTA16,YOR024W,0.043513754636299216
YHRCDELTA16,YOR025W,0.20310229683692443
YHRCDELTA16,YOR026W,0.3678194587143619
YHRCDELTA16,YOR027W,0.125334980208795
YHRCDELTA16,YOR028C,0.185284040212411
YHRCDELTA16,YOL015W,0.5428617277047331
YHRCDELTA16,YOL014W,-0.0411121664063536
YHRCDELTA16,YOL013C,0.20364368424127663
YHRCDELTA16,YOL012C,0.23773921718670643
YHRCDELTA16,YOL011W,0.13011477642250452
YHRCDELTA16,YOL010W,-0.14002972008741577
YHRCDELTA16,YOL009C,0.043280911470362865
YHRCDELTA16,YOL008W,0.053912470704251474
YHRCDELTA16,YOL007C,0.14081077809233922
YHRCDELTA16,YOL006C,0.37490343277881183
YHRCDELTA16,YOL005C,0.39591711861242124
YHRCDELTA16,YOL004W,0.5519250276940112
YHRCDELTA16,YOL003C,0.46428555696379264
YHRCDELTA16,YOL002C,0.325927677189744
YHRCDELTA16,YOL001W,0.42145474432430685
YHRCDELTA16,YOR001W,-0.03549557516852794
YHRCDELTA16,YOR002W,0.49178963198692505
YHRCDELTA16,YOR003W,0.23832322200647246
YHRCDELTA16,YOR004W,-0.14122262125667776
YHRCDELTA16,YOR005C,0.20878051096863054
YHRCDELTA16,YOR006C,-0.14005411578424232
YHRCDELTA16,YOR007C,0.15117507367090496
YHRCDELTA16,YOR008C,0.08630664323465662
YHRCDELTA16,YOL037C,0.22187385692169395
YHRCDELTA16,YOL036W,0.16473368391322982
YHRCDELTA16,YOL035C,0.07436467594554716
YHRCDELTA16,YOL034W,0.3911110352397575
YHRCDELTA16,YOL033W,0.18658749488917128
YHRCDELTA16,YOL032W,0.29547963287565426
YHRCDELTA16,YOL031C,0.09015707041059479
YHRCDELTA16,YOL030W,-0.0218821014759212
YHRCDELTA16,YOL029C,-0.025598658144362407
YHRCDELTA16,YOL028C,-0.14454955129416042
YHRCDELTA16,YOL027C,0.19504324169310508
YHRCDELTA16,YOL026C,0.21042899239338475
YHRCDELTA16,YOL025W,0.2372235000724697
YHRCDELTA16,YOL024W,0.326810700959
YHRCDELTA16,YOL023W,0.22670044459754837
YHRCDELTA16,YOL022C,-0.07582022413765901
YHRCDELTA16,YOL021C,-0.004361329356367452
YHRCDELTA16,YOL020W,-0.05670390484221376
YHRCDELTA16,YOL019W,0.21276992762175406
YHRCDELTA16,YOL018C,0.3716394531069862
YHRCDELTA16,YOL017W,0.1295561108796606
YHRCDELTA16,YOL016C,0.21479280974002873
YHRCDELTA16,YOL059W,-0.12605639350032458
YHRCDELTA16,YOL058W,0.018930988719323492
YHRCDELTA16,YOL057W,0.4147525414855851
YHRCDELTA16,YOL056W,0.2177189986661302
YHRCDELTA16,YOL055C,-0.05523202183107786
YHRCDELTA16,YOL054W,-0.06776049665550805
YHRCDELTA16,YOL053W,0.2840265574663952
YHRCDELTA16,YOL053C-A,0.07559686023266272
YHRCDELTA16,YOL052C,-0.12326582322697666
YHRCDELTA16,YOL051W,-0.1399669302506836
YHRCDELTA16,YOL050C,-0.0362203400275084
YHRCDELTA16,YOL049W,0.3635755967068845
YHRCDELTA16,YOL048C,0.22727909375843205
YHRCDELTA16,YOL047C,-0.027988789069599056
YHRCDELTA16,YOL046C,-0.011725862359368277
YHRCDELTA16,YOL045W,-0.13557496638486738
YHRCDELTA16,YOL044W,0.13912634498756557
YHRCDELTA16,YOL043C,-0.025812466336287972
YHRCDELTA16,YOL042W,-0.025269635459919653
YHRCDELTA16,YOL041C,-0.03481137840608651
YHRCDELTA16,YOL040C,-0.023313013593460562
YHRCDELTA16,YOL039W,0.028801804465678017
YHRCDELTA16,YOL038W,0.3197931668206821
YHRCDELTA16,YOL083W,0.13268697218399123
YHRCDELTA16,YOL082W,0.2387244930927808
YHRCDELTA16,YOL081W,0.2062879277884974
YHRCDELTA16,YOL080C,-0.10382445123796759
YHRCDELTA16,YOL079W,-0.10943622034548343
YHRCDELTA16,YOL078W,-0.051195838919353746
YHRCDELTA16,YOL077C,-0.14745657005068635
YHRCDELTA16,YOL076W,0.14271838117600366
YHRCDELTA16,YOL075C,0.044772828663585465
YHRCDELTA16,YOL073C,0.2344887572943468
YHRCDELTA16,YOL072W,0.14721934579571472
YHRCDELTA16,YOL071W,0.491481484641544
YHRCDELTA16,YOL070C,0.23357979169686507
YHRCDELTA16,YOL069W,0.49499264712081786
YHRCDELTA16,YOL068C,0.13949141763405468
YHRCDELTA16,YOL067C,0.011708635312273704
YHRCDELTA16,YOL066C,-0.10747050053244223
YHRCDELTA16,YOL065C,0.1643532086971803
YHRCDELTA16,YOL064C,-0.022529440810978896
YHRCDELTA16,YOL063C,0.27765462810378444
YHRCDELTA16,YOL062C,0.20743072809157428
YHRCDELTA16,YOL061W,-0.12654982690428074
YHRCDELTA16,YOL060C,0.13483476905967312
YHRCDELTA16,YOL105C,0.29998920844067833
YHRCDELTA16,YOL104C,-0.20504153438282463
YHRCDELTA16,YOL103W,0.20313489173450486
YHRCDELTA16,YOL102C,0.4544664971055746
YHRCDELTA16,YOL101C,0.39009734340615615
YHRCDELTA16,YOL100W,0.3307060943205435
YHRCDELTA16,YOL099C,0.3386654011391043
YHRCDELTA16,YOL098C,-0.05078663013179498
YHRCDELTA16,YOL097C,-0.132537319868799
YHRCDELTA16,YOL096C,0.3134880576928246
YHRCDELTA16,YOL095C,0.1627652767300424
YHRCDELTA16,YOL094C,-0.10072390914956843
YHRCDELTA16,YOL093W,-0.09363480320569505
YHRCDELTA16,YOL092W,-0.016887699849098114
YHRCDELTA16,YOL091W,0.2606183487998559
YHRCDELTA16,YOL090W,0.23628563852357615
YHRCDELTA16,YOL089C,0.1235619490022492
YHRCDELTA16,YOL088C,0.2548464919748177
YHRCDELTA16,YOL087C,0.279833705502694
YHRCDELTA16,YOL086C,0.23453122207343574
YHRCDELTA16,YOL085C,0.29920223740743496
YHRCDELTA16,YOL084W,0.09760007672093361
YHRCDELTA16,YOL129W,0.24576472712026673
YHRCDELTA16,YOL128C,-0.08997000388525447
YHRCDELTA16,YOL127W,0.03542551062984026
YHRCDELTA16,YOL126C,0.15444828886670536
YHRCDELTA16,YOL125W,-0.06472304943902514
YHRCDELTA16,YOL124C,-0.13145727162157855
YHRCDELTA16,YOL123W,0.2507000508312048
YHRCDELTA16,YOL122C,0.31520378463880655
YHRCDELTA16,YOL120C,-0.05252061447799618
YHRCDELTA16,YOL119C,-0.07465955045380455
YHRCDELTA16,YOL118C,-0.028236576013513606
YHRCDELTA16,YOL117W,0.2986244859798592
YHRCDELTA16,YOL116W,0.16915208889505945
YHRCDELTA16,YOL115W,0.060569276123258756
YHRCDELTA16,YOL114C,0.2353128393699041
YHRCDELTA16,YOL113W,0.2393641627265928
YHRCDELTA16,YOL112W,0.011596328002116772
YHRCDELTA16,YOL111C,0.015340147423440241
YHRCDELTA16,YOL110W,0.10462404992632235
YHRCDELTA16,YOL109W,0.09905508918426224
YHRCDELTA16,YOL108C,0.3506833312271117
YHRCDELTA16,YOL107W,0.2522720191419129
YHRCDELTA16,YOL106W,0.27186437503671385
YHRCDELTA16,YOL151W,0.003893288162748136
YHRCDELTA16,YOL150C,0.08501933417004849
YHRCDELTA16,YOL149W,0.3975665643641955
YHRCDELTA16,YOL148C,0.10812824539312384
YHRCDELTA16,YOL147C,0.12272967954665615
YHRCDELTA16,YOL146W,0.029402411245671063
YHRCDELTA16,YOL145C,-0.050451034282624034
YHRCDELTA16,YOL144W,-0.1483949099382982
YHRCDELTA16,YOL143C,0.18146689234058513
YHRCDELTA16,YOL142W,-0.010087979470635038
YHRCDELTA16,YOL141W,-0.04680125374535426
YHRCDELTA16,YOL140W,0.021742910113112475
YHRCDELTA16,YOL139C,0.12491879680599353
YHRCDELTA16,YOL138C,0.3293221011483522
YHRCDELTA16,YOL137W,0.11521229596774295
YHRCDELTA16,YOL136C,-0.22152314031966402
YHRCDELTA16,YOL135C,-0.04488503748525345
YHRCDELTA16,YOL134C,0.021164768455293033
YHRCDELTA16,YOL133W,0.1868982194243099
YHRCDELTA16,YOL132W,0.4161156374680677
YHRCDELTA16,YOL131W,0.13824763852232566
YHRCDELTA16,YOL130W,-0.09252364109592963
YHRCDELTA16,SNR19,0.3301228204882198
YHRCDELTA16,SNR66,0.11145892771265764
YHRCDELTA16,YOL166C,0.0501798194590019
YHRCDELTA16,YOL165C,0.16828679976883065
YHRCDELTA16,YOL164W,-0.05058190711758715
YHRCDELTA16,YOL163W,0.2133373277320736
YHRCDELTA16,YOL162W,-0.007369280612382327
YHRCDELTA16,YOL161C,0.3016279486698656
YHRCDELTA16,YOL160W,0.2236563389078043
YHRCDELTA16,YOL159C,0.41830813685845014
YHRCDELTA16,YOL158C,0.08430150504002644
YHRCDELTA16,YOL155C,0.15701223334397496
YHRCDELTA16,YOL154W,0.14564395755606083
YHRCDELTA16,YOL153C,0.19045811483984984
YHRCDELTA16,YOL152W,0.2469237286666985
YHRCDELTA16,NC_001146,0.08667842570289562
YHRCDELTA16,YNR064C,0.2278066181145833
YHRCDELTA16,YNR065C,0.3735373383088557
YHRCDELTA16,YNR066C,-0.25072056334162457
YHRCDELTA16,YNR067C,0.08208758833220332
YHRCDELTA16,YNR068C,0.08593175300207992
YHRCDELTA16,YNR069C,0.0025654682158125297
YHRCDELTA16,YNR070W,-0.0008559317904478969
YHRCDELTA16,YNR071C,0.10493575919751455
YHRCDELTA16,YNR073C,0.3625445908010372
YHRCDELTA16,YNR074C,-0.03783323515692016
YHRCDELTA16,YNR076W,0.26161542338779425
YHRCDELTA16,YNR032C-A,0.3528998415565225
YHRCDELTA16,YNR034w-a,0.3681838055931554
YHRCDELTA16,YNL239W,0.3234391824064488
YHRCDELTA16,YNL044W,0.3160066178394192
YHRCDELTA16,YNR042W,0.13435044911113445
YHRCDELTA16,YNR043W,0.013106474070347054
YHRCDELTA16,YNR044W,0.21381271673497484
YHRCDELTA16,YNR045W,0.3642676125848245
YHRCDELTA16,YNR046W,-0.0542342612931793
YHRCDELTA16,YNR047W,0.25529137373169186
YHRCDELTA16,YNR048W,0.14397980353766526
YHRCDELTA16,YNR049C,0.2107816912169953
YHRCDELTA16,YNR050C,-0.1457491489084899
YHRCDELTA16,YNR051C,-0.055823929651044796
YHRCDELTA16,YNR052C,0.06870019245476648
YHRCDELTA16,YNR053C,-0.152249724564942
YHRCDELTA16,YNR054C,-0.12955992408773942
YHRCDELTA16,YNR055C,0.03375922106264012
YHRCDELTA16,YNR056C,0.17475209587426407
YHRCDELTA16,YNR057C,-0.01712462981471547
YHRCDELTA16,YNR058W,0.044896177824350444
YHRCDELTA16,YNR059W,0.04103641858176103
YHRCDELTA16,YNR060W,0.08903529396944651
YHRCDELTA16,YNR061C,0.24253028645213393
YHRCDELTA16,YNR062C,0.2081567168151738
YHRCDELTA16,YNR063W,-0.12827680352642737
YHRCDELTA16,YNR020C,0.09940865647004751
YHRCDELTA16,YNR021W,0.22617431710161726
YHRCDELTA16,YNR022C,0.3171267255216544
YHRCDELTA16,YNR023W,0.18681500158644168
YHRCDELTA16,YNR024W,-0.03436280580169166
YHRCDELTA16,YNR025C,0.0554860743472916
YHRCDELTA16,YNR026C,-0.16624638039916345
YHRCDELTA16,YNR027W,-0.2017950265071131
YHRCDELTA16,YNR028W,0.20948302941765512
YHRCDELTA16,YNR029C,-0.009756153144355384
YHRCDELTA16,YNR030W,0.06655140388238616
YHRCDELTA16,YNR031C,0.15538516574282787
YHRCDELTA16,YNR032W,0.33452989898637564
YHRCDELTA16,YNR033W,0.3922473542753766
YHRCDELTA16,YNR034W,0.19515840012173685
YHRCDELTA16,YNR035C,0.31228919509484404
YHRCDELTA16,YNR036C,0.35375170982288817
YHRCDELTA16,YNR037C,0.2914762875192442
YHRCDELTA16,YNR038W,-0.1349291344038479
YHRCDELTA16,YNR039C,-0.04281141342714754
YHRCDELTA16,YNR040W,0.18432124427440263
YHRCDELTA16,YNR041C,0.13025076548669617
YHRCDELTA16,YNL004W,-0.09258051579321383
YHRCDELTA16,YNL003C,0.2586558621354792
YHRCDELTA16,YNL002C,-0.09900639096351616
YHRCDELTA16,YNL001W,-0.03701010429241851
YHRCDELTA16,YNR001C,0.2734154380110095
YHRCDELTA16,YNR002C,0.15547720032632453
YHRCDELTA16,YNR003C,0.06884799271075442
YHRCDELTA16,YNR004W,-0.08089652151045865
YHRCDELTA16,YNR005C,-0.1724920183941358
YHRCDELTA16,YNR006W,0.12223800028856978
YHRCDELTA16,YNR007C,0.23950332296411378
YHRCDELTA16,YNR008W,0.03356200633002707
YHRCDELTA16,YNR009W,0.2769063569778144
YHRCDELTA16,YNR010W,0.28353105369040477
YHRCDELTA16,YNR011C,0.09719332971502964
YHRCDELTA16,YNR012W,-0.12901973709229042
YHRCDELTA16,YNR013C,-0.06448816521071891
YHRCDELTA16,YNR014W,-0.11336050500960307
YHRCDELTA16,YNR015W,-0.12178446591361973
YHRCDELTA16,YNR016C,0.3360464303679202
YHRCDELTA16,YNR017W,0.09947339837210865
YHRCDELTA16,YNR018W,-0.11935269813879627
YHRCDELTA16,YNR019W,0.20848782112402356
YHRCDELTA16,YNL027W,0.2279324813021172
YHRCDELTA16,YNL026W,0.32379817172907377
YHRCDELTA16,YNL025C,0.20670969107754428
YHRCDELTA16,YNL024C,-0.04949275769600567
YHRCDELTA16,YNL023C,0.05672050348420747
YHRCDELTA16,YNL022C,-0.042523980938837615
YHRCDELTA16,YNL021W,-0.11253127707073327
YHRCDELTA16,YNL020C,0.08622417879454942
YHRCDELTA16,YNL017C,0.1927765376353099
YHRCDELTA16,YNL016W,-0.1260520548980639
YHRCDELTA16,YNL015W,0.24294090025001197
YHRCDELTA16,YNL014W,0.012907161598769501
YHRCDELTA16,YNL013C,0.1253387560602716
YHRCDELTA16,YNL012W,0.2971387575960327
YHRCDELTA16,YNL011C,0.28186329815105954
YHRCDELTA16,YNL010W,-0.04086862210301478
YHRCDELTA16,YNL009W,0.18130025708978528
YHRCDELTA16,YNL008C,0.20175166484185128
YHRCDELTA16,YNL007C,-0.007623439041591015
YHRCDELTA16,YNL006W,0.16249633307913217
YHRCDELTA16,YNL005C,0.12201552009753076
YHRCDELTA16,YNL051W,0.26199895941284423
YHRCDELTA16,YNL050C,-0.09330524066144893
YHRCDELTA16,YNL049C,0.16825465966446776
YHRCDELTA16,YNL048W,0.13324349790202106
YHRCDELTA16,YNL047C,0.263565766392793
YHRCDELTA16,YNL046W,0.16472474546970461
YHRCDELTA16,YNL045W,0.22599434467836058
YHRCDELTA16,YNL043C,0.19113319314432023
YHRCDELTA16,YNL042W,-0.18461630287963016
YHRCDELTA16,YNL041C,0.1252179298437816
YHRCDELTA16,YNL040W,-0.0177631356231979
YHRCDELTA16,YNL039W,-0.020398354698908567
YHRCDELTA16,YNL038W,0.047180057283174474
YHRCDELTA16,YNL037C,0.1933175892998653
YHRCDELTA16,YNL036W,0.3727188756484915
YHRCDELTA16,YNL035C,0.15470629032373162
YHRCDELTA16,YNL034W,0.17523224040701754
YHRCDELTA16,YNL033W,0.2109546067055619
YHRCDELTA16,YNL032W,0.2836490775517898
YHRCDELTA16,YNL031C,0.3883028663293916
YHRCDELTA16,YNL030W,0.494840445788662
YHRCDELTA16,YNL029C,-0.056313205847764475
YHRCDELTA16,YNL028W,-0.06999601527926733
YHRCDELTA16,YNL073W,0.09965040170173398
YHRCDELTA16,YNL072W,0.05022132569727617
YHRCDELTA16,YNL071W,0.32600141557631096
YHRCDELTA16,YNL070W,0.4029998599914997
YHRCDELTA16,YNL069C,0.003449731361077497
YHRCDELTA16,YNL068C,0.059876146225129226
YHRCDELTA16,YNL067W,-0.010707137897113224
YHRCDELTA16,YNL066W,-0.019075321469840395
YHRCDELTA16,YNL065W,-0.1749270828544122
YHRCDELTA16,YNL064C,-0.035459471008153054
YHRCDELTA16,YNL063W,0.11552186154476679
YHRCDELTA16,YNL062C,-0.13210903737445928
YHRCDELTA16,YNL061W,-0.1689972961558526
YHRCDELTA16,YNL059C,0.3471316345768716
YHRCDELTA16,YNL058C,0.20126312087251796
YHRCDELTA16,YNL057W,0.40425399236452875
YHRCDELTA16,YNL056W,0.0754166825079135
YHRCDELTA16,YNL055C,0.2508406179318336
YHRCDELTA16,YNL054W,0.2012333424858931
YHRCDELTA16,YNL053W,0.1153216053417871
YHRCDELTA16,YNL052W,0.15471340938608336
YHRCDELTA16,YNL096C,-0.16383399704998336
YHRCDELTA16,YNL095C,-0.15731311701604522
YHRCDELTA16,YNL094W,-0.04742553327458399
YHRCDELTA16,YNL093W,0.26039648758924927
YHRCDELTA16,YNL092W,0.028902333010720385
YHRCDELTA16,YNL091W,0.26635968704689783
YHRCDELTA16,YNL090W,0.3958237590492034
YHRCDELTA16,YNL089C,0.14643013623858286
YHRCDELTA16,YNL088W,0.3186281143767492
YHRCDELTA16,YNL087W,0.1286841193051523
YHRCDELTA16,YNL086W,0.12969561169781835
YHRCDELTA16,YNL085W,0.12424598726880855
YHRCDELTA16,YNL084C,0.35303983596862554
YHRCDELTA16,YNL083W,0.3079993638196839
YHRCDELTA16,YNL082W,0.223030580517166
YHRCDELTA16,YNL081C,0.31544086371881325
YHRCDELTA16,YNL080C,0.07934291651587047
YHRCDELTA16,YNL079C,0.20519922233175403
YHRCDELTA16,YNL078W,0.05667229203431981
YHRCDELTA16,YNL077W,0.05846942181697204
YHRCDELTA16,YNL076W,-0.07487784748910742
YHRCDELTA16,YNL075W,-0.15645394828167214
YHRCDELTA16,YNL074C,-0.11842686272533447
YHRCDELTA16,YNL117W,0.2493373106765218
YHRCDELTA16,YNL116W,0.25331662826808754
YHRCDELTA16,YNL115C,0.26489058877590177
YHRCDELTA16,YNL114C,0.009672035678216794
YHRCDELTA16,YNL113W,-0.06400902636618067
YHRCDELTA16,YNL112W,-0.16958188666994578
YHRCDELTA16,YNL111C,-0.14569740886028176
YHRCDELTA16,YNL110C,-0.15733162207009924
YHRCDELTA16,YNL109W,-0.04527107279649752
YHRCDELTA16,YNL108C,-0.15126628050899535
YHRCDELTA16,YNL107W,0.06774803471685133
YHRCDELTA16,YNL106C,0.1585530222767885
YHRCDELTA16,YNL105W,-0.010792693455753984
YHRCDELTA16,YNL104C,0.12250382415107196
YHRCDELTA16,YNL103W,0.16503016588067976
YHRCDELTA16,YNL102W,0.13115512252724174
YHRCDELTA16,YNL101W,0.011526704795934298
YHRCDELTA16,YNL100W,0.3339991965869299
YHRCDELTA16,YNL099C,0.1690562238959877
YHRCDELTA16,YNL098C,0.24949223416446287
YHRCDELTA16,YNL097C,0.0011844329440003163
YHRCDELTA16,YNL140C,-0.057275703935817074
YHRCDELTA16,YNL138W,0.2174448337849509
YHRCDELTA16,YNL137C,0.08575812201356836
YHRCDELTA16,YNL136W,0.35125389228996307
YHRCDELTA16,YNL135C,0.35160984134098244
YHRCDELTA16,YNL134C,0.22870048451452468
YHRCDELTA16,YNL133C,0.24413165417746108
YHRCDELTA16,YNL132W,-0.05463306458544328
YHRCDELTA16,YNL131W,0.41450423634489514
YHRCDELTA16,YNL130C,0.3504807410809829
YHRCDELTA16,YNL129W,0.20957960893996003
YHRCDELTA16,YNL128W,0.01625541745015763
YHRCDELTA16,YNL127W,0.20458474480743755
YHRCDELTA16,YNL126W,0.42374662960928333
YHRCDELTA16,YNL125C,0.1154421389162968
YHRCDELTA16,YNL124W,-0.13252331207399223
YHRCDELTA16,YNL123W,-0.03687167160949961
YHRCDELTA16,YNL122C,0.40899785964614066
YHRCDELTA16,YNL121C,0.31960495503486025
YHRCDELTA16,YNL120C,0.08752651009426671
YHRCDELTA16,YNL119W,-0.054994693261139864
YHRCDELTA16,YNL118C,0.4351159931565339
YHRCDELTA16,YNL163C,-0.06610202137798885
YHRCDELTA16,YNL162W,0.14176934847843942
YHRCDELTA16,YNL161W,0.09190398732122292
YHRCDELTA16,YNL160W,0.07037629983064701
YHRCDELTA16,YNL159C,0.1766336907421263
YHRCDELTA16,YNL158W,0.1153727002670044
YHRCDELTA16,YNL157W,0.2882782176275077
YHRCDELTA16,YNL156C,0.1260312422822493
YHRCDELTA16,YNL155W,0.30839776107378897
YHRCDELTA16,YNL154C,0.0714363105287628
YHRCDELTA16,YNL153C,0.07807380622010737
YHRCDELTA16,YNL152W,0.27292776873368607
YHRCDELTA16,YNL151C,-0.1102191901979258
YHRCDELTA16,YNL150W,0.14466090870844528
YHRCDELTA16,YNL149C,0.5844194231758669
YHRCDELTA16,YNL148C,0.12788241899855807
YHRCDELTA16,YNL147W,0.4963838845449505
YHRCDELTA16,YNL146W,0.23599019046041428
YHRCDELTA16,YNL145W,-0.1978726479196625
YHRCDELTA16,YNL144C,0.08153996123000853
YHRCDELTA16,YNL143C,0.2911435575235034
YHRCDELTA16,YNL142W,-0.2529599990783278
YHRCDELTA16,YNL141W,-0.1738775429992036
YHRCDELTA16,YNL186W,-0.10684686176607153
YHRCDELTA16,YNL185C,0.14025954449733571
YHRCDELTA16,YNL184C,0.2649813006000175
YHRCDELTA16,YNL183C,0.13161061535573526
YHRCDELTA16,YNL182C,-0.11211996228167652
YHRCDELTA16,YNL181W,0.3019059430282126
YHRCDELTA16,YNL179C,0.28972137812507665
YHRCDELTA16,YNL178W,-0.05973426795550514
YHRCDELTA16,YNL177C,0.1981314195037016
YHRCDELTA16,YNL176C,-0.0288252895429363
YHRCDELTA16,YNL175C,-0.16586989521951778
YHRCDELTA16,YNL174W,-0.16514727331660223
YHRCDELTA16,YNL173C,0.18415165740423306
YHRCDELTA16,YNL172W,0.05779277092362099
YHRCDELTA16,YNL171C,0.07685163134025175
YHRCDELTA16,YNL170W,0.2947392455329337
YHRCDELTA16,YNL169C,0.2159953270491582
YHRCDELTA16,YNL168C,0.26398101036652966
YHRCDELTA16,YNL167C,0.4129053344634413
YHRCDELTA16,YNL166C,0.23313400196877124
YHRCDELTA16,YNL165W,0.23245005412166436
YHRCDELTA16,YNL164C,0.19663906583537158
YHRCDELTA16,YNL208W,0.15577202585671798
YHRCDELTA16,YNL207W,-0.12148573565332617
YHRCDELTA16,YNL206C,0.0966406848180524
YHRCDELTA16,YNL205C,0.0070467754583539025
YHRCDELTA16,YNL204C,0.37426245952891685
YHRCDELTA16,YNL203C,0.12344946090263818
YHRCDELTA16,YNL202W,0.19263980415264056
YHRCDELTA16,YNL201C,-0.02579489934797834
YHRCDELTA16,YNL200C,0.20810110160897594
YHRCDELTA16,YNL199C,0.1027679381808537
YHRCDELTA16,YNL198C,0.3127369746218123
YHRCDELTA16,YNL197C,0.2308683805211506
YHRCDELTA16,YNL196C,0.1565592324815186
YHRCDELTA16,YNL195C,0.1554197602322047
YHRCDELTA16,YNL194C,0.09898442972372591
YHRCDELTA16,YNL193W,0.4119299652298468
YHRCDELTA16,YNL192W,0.3071557740209613
YHRCDELTA16,YNL191W,-0.1816302618721855
YHRCDELTA16,YNL190W,-0.0015102759248533453
YHRCDELTA16,YNL189W,0.24338234055682562
YHRCDELTA16,YNL188W,0.059510231954636575
YHRCDELTA16,YNL187W,-0.15305012903143997
YHRCDELTA16,YNL230C,0.16641896296916597
YHRCDELTA16,YNL229C,0.13399524483097
YHRCDELTA16,YNL227C,-0.02496387100793514
YHRCDELTA16,YNL228W,-0.003368279648446579
YHRCDELTA16,YNL226W,-0.1782905536858931
YHRCDELTA16,YNL225C,0.2895353841144967
YHRCDELTA16,YNL224C,0.28214570123545735
YHRCDELTA16,YNL223W,0.30681718961825954
YHRCDELTA16,YNL222W,0.40987474264606966
YHRCDELTA16,YNL221C,-0.13153075935177427
YHRCDELTA16,YNL220W,-0.10353425981706765
YHRCDELTA16,YNL219C,0.061754521653082796
YHRCDELTA16,YNL218W,0.2615953116667035
YHRCDELTA16,YNL217W,-0.014481688643631382
YHRCDELTA16,YNL216W,0.26810005903040457
YHRCDELTA16,YNL215W,0.38677534892219717
YHRCDELTA16,YNL214W,0.4089735060687848
YHRCDELTA16,YNL213C,0.20927844025324344
YHRCDELTA16,YNL212W,0.20046778600313883
YHRCDELTA16,YNL211C,0.17013152286845926
YHRCDELTA16,YNL210W,-0.13731741636923878
YHRCDELTA16,YNL209W,-0.17038840955994758
YHRCDELTA16,YNL254C,-0.13034097164893205
YHRCDELTA16,YNL253W,0.2865858256563786
YHRCDELTA16,YNL252C,0.17113366517306977
YHRCDELTA16,YNL251C,0.13963905015328698
YHRCDELTA16,YNL250W,0.21319300401352828
YHRCDELTA16,YNL249C,0.4446644461647111
YHRCDELTA16,YNL248C,-0.11691372605730276
YHRCDELTA16,YNL247W,-0.010910874961760648
YHRCDELTA16,YNL246W,0.23642256469380085
YHRCDELTA16,YNL245C,-0.1644619806085133
YHRCDELTA16,YNL244C,-0.023083466416063993
YHRCDELTA16,YNL243W,0.10598102432809815
YHRCDELTA16,YNL242W,-0.08930755266892819
YHRCDELTA16,YNL241C,0.13925242416215575
YHRCDELTA16,YNL240C,-0.12903809070982972
YHRCDELTA16,YNL238W,-0.045302969074937825
YHRCDELTA16,YNL237W,0.1546456736498032
YHRCDELTA16,YNL236W,0.3956847005373742
YHRCDELTA16,YNL235C,0.1786617212992253
YHRCDELTA16,YNL234W,-0.15781264879239226
YHRCDELTA16,YNL233W,0.10985727325209367
YHRCDELTA16,YNL232W,-0.03412173139256356
YHRCDELTA16,YNL231C,0.09581025698514968
YHRCDELTA16,YNL276C,-0.24069428591939016
YHRCDELTA16,YNL275W,0.17236058034824925
YHRCDELTA16,YNL274C,0.22723614472722772
YHRCDELTA16,YNL273W,0.001747546495034393
YHRCDELTA16,YNL272C,0.27525246722888236
YHRCDELTA16,YNL271C,0.051439401592454755
YHRCDELTA16,YNL270C,0.1863689585976817
YHRCDELTA16,YNL269W,0.21665352914255284
YHRCDELTA16,YNL268W,0.01943918905789842
YHRCDELTA16,YNL267W,0.498429358142137
YHRCDELTA16,YNL266W,0.2884278390392805
YHRCDELTA16,YNL265C,0.4195304984302046
YHRCDELTA16,YNL264C,0.19825295988599015
YHRCDELTA16,YNL263C,0.18173268926211972
YHRCDELTA16,YNL262W,0.20661097806067216
YHRCDELTA16,YNL261W,0.25357335841247997
YHRCDELTA16,YNL260C,0.07260500338871943
YHRCDELTA16,YNL259C,0.5842745303375239
YHRCDELTA16,YNL258C,0.38149789341050855
YHRCDELTA16,YNL257C,0.4820292207496269
YHRCDELTA16,YNL256W,-0.0623219905935251
YHRCDELTA16,YNL255C,-0.09794539193071898
YHRCDELTA16,YNL299W,-0.03305146620581749
YHRCDELTA16,YNL298W,-0.06323911347811012
YHRCDELTA16,YNL297C,0.39764498262512277
YHRCDELTA16,YNL296W,0.048555933691254625
YHRCDELTA16,YNL295W,0.2908760994533384
YHRCDELTA16,YNL294C,0.30004110944559303
YHRCDELTA16,YNL293W,0.5725111353794118
YHRCDELTA16,YNL292W,-0.10589065141172598
YHRCDELTA16,YNL291C,0.11403028456136505
YHRCDELTA16,YNL290W,-0.0005936507003891256
YHRCDELTA16,YNL289W,0.06012762418950372
YHRCDELTA16,YNL288W,0.04369377377661939
YHRCDELTA16,YNL287W,0.14866682452347554
YHRCDELTA16,YNL286W,0.20093452682979276
YHRCDELTA16,YNL285W,0.2795400203397112
YHRCDELTA16,YNL284C,0.1722722702145372
YHRCDELTA16,YNL283C,0.29516691798668004
YHRCDELTA16,YNL282W,-0.08882224978887786
YHRCDELTA16,YNL281W,0.25955926385851447
YHRCDELTA16,YNL280C,0.13675461422913987
YHRCDELTA16,YNL279W,-0.08930292053915005
YHRCDELTA16,YNL278W,0.08701857013167935
YHRCDELTA16,YNL277W,-0.1649211317284459
YHRCDELTA16,YNL321W,0.22518014052809096
YHRCDELTA16,YNL320W,0.1805785170277647
YHRCDELTA16,YNL319W,0.2419991876709281
YHRCDELTA16,YNL318C,0.33568970941319354
YHRCDELTA16,YNL317W,0.0015172091851277203
YHRCDELTA16,YNL316C,-0.07175509391932594
YHRCDELTA16,YNL315C,0.26956712150556045
YHRCDELTA16,YNL314W,0.22364501774842002
YHRCDELTA16,YNL313C,-0.08922101842514114
YHRCDELTA16,YNL312W,0.1383423595485893
YHRCDELTA16,YNL311C,0.09857695836867564
YHRCDELTA16,YNL310C,0.002767169354166228
YHRCDELTA16,YNL309W,-0.0656607993832332
YHRCDELTA16,YNL308C,-0.1401766868742184
YHRCDELTA16,YNL307C,0.17414817800304996
YHRCDELTA16,YNL306W,0.2557631646851312
YHRCDELTA16,YNL305C,0.02454466608861688
YHRCDELTA16,YNL304W,0.1508865968184936
YHRCDELTA16,YNL303W,0.23501223635183813
YHRCDELTA16,YNL302C,0.11786096976457053
YHRCDELTA16,YNL301C,0.05900771807098084
YHRCDELTA16,YNL300W,0.15772747498268555
YHRCDELTA16,SNR54,-0.13930065657577725
YHRCDELTA16,CEN13,0.08247196792020753
YHRCDELTA16,SNR78,0.06305053023585912
YHRCDELTA16,SNR77,-0.09676979887388294
YHRCDELTA16,SNR76,-0.1926749578784814
YHRCDELTA16,SNR75,-0.2089187449977838
YHRCDELTA16,SNR74,-0.009119363769796319
YHRCDELTA16,SNR73,-0.06853456428210444
YHRCDELTA16,SNR72,-0.103052487681551
YHRCDELTA16,SNR11,0.2640391509439315
YHRCDELTA16,YNL335W,0.16679223793676615
YHRCDELTA16,YNL334C,6.162008562162959e-05
YHRCDELTA16,YNL333W,0.11812677669500403
YHRCDELTA16,YNL331C,0.262836879731431
YHRCDELTA16,YNL330C,0.4214200231729016
YHRCDELTA16,YNL329C,0.3038774740900828
YHRCDELTA16,YNL328C,0.17517452678584297
YHRCDELTA16,YNL327W,0.15341579671157612
YHRCDELTA16,YNL326C,0.027292860353379845
YHRCDELTA16,YNL325C,0.4393113906202946
YHRCDELTA16,YNL324W,0.005853926527881029
YHRCDELTA16,YNL323W,0.04135720522046285
YHRCDELTA16,YNL322C,0.033404549151860786
YHRCDELTA16,YMR316C-B,0.3428310725070251
YHRCDELTA16,YMR317W,0.10927911423693962
YHRCDELTA16,YMR318C,-0.08059714871248218
YHRCDELTA16,YMR319C,-0.05374627271302953
YHRCDELTA16,YMR320W,0.44376016399655294
YHRCDELTA16,YMR321C,-0.005538925260041016
YHRCDELTA16,YMR322C,0.22057450258215378
YHRCDELTA16,YMR323W,0.21316041135838418
YHRCDELTA16,YMR324C,0.2541414250189652
YHRCDELTA16,YMR325W,0.31118690603032156
YHRCDELTA16,YML081C-A,0.36561912549169157
YHRCDELTA16,YMR194C-A,0.14774140515669942
YHRCDELTA16,YML058w-a,0.12299636626311078
YHRCDELTA16,YMR122w-a,0.2624866833667309
YHRCDELTA16,YMR298W,0.09255056446817708
YHRCDELTA16,YMR299C,0.38032197799530576
YHRCDELTA16,YMR300C,-0.14974850300311443
YHRCDELTA16,YMR301C,-0.062234531923424076
YHRCDELTA16,YMR302C,0.41675760838246056
YHRCDELTA16,YMR303C,0.11403519899060617
YHRCDELTA16,YMR304W,0.2936731528844125
YHRCDELTA16,YMR304C-A,0.4631384581218161
YHRCDELTA16,YMR305C,0.09819826082128465
YHRCDELTA16,YMR306W,0.3070687882924638
YHRCDELTA16,YMR306C-A,0.14562095766303132
YHRCDELTA16,YMR307W,0.006601143795851015
YHRCDELTA16,YMR308C,-0.10315076380449062
YHRCDELTA16,YMR309C,-0.09419930402399776
YHRCDELTA16,YMR310C,-0.1566844743044156
YHRCDELTA16,YMR311C,0.23460158623055083
YHRCDELTA16,YMR312W,-0.13621967467045515
YHRCDELTA16,YMR313C,0.04008582941116595
YHRCDELTA16,YMR314W,0.048700386153167116
YHRCDELTA16,YMR315W,0.1972888858513557
YHRCDELTA16,YMR316W,0.18627219420760238
YHRCDELTA16,YMR316C-A,0.3699616791398224
YHRCDELTA16,YMR277W,-0.02512475548992195
YHRCDELTA16,YMR278W,0.013690901956857906
YHRCDELTA16,YMR279C,0.32088213268013827
YHRCDELTA16,YMR280C,0.0981083039612818
YHRCDELTA16,YMR281W,0.19055273455239785
YHRCDELTA16,YMR282C,0.19238418744483132
YHRCDELTA16,YMR283C,-0.13109440533375977
YHRCDELTA16,YMR284W,0.12727045154199426
YHRCDELTA16,YMR285C,-0.10453016141799462
YHRCDELTA16,YMR286W,0.22802012543773795
YHRCDELTA16,YMR287C,0.35579467477330023
YHRCDELTA16,YMR288W,0.2792353354295172
YHRCDELTA16,YMR289W,0.42815833656823693
YHRCDELTA16,YMR290C,-0.12595083598421639
YHRCDELTA16,YMR290W-A,0.09665532780430647
YHRCDELTA16,YMR291W,0.20753798869133086
YHRCDELTA16,YMR292W,0.38357195501807123
YHRCDELTA16,YMR293C,0.343417073033424
YHRCDELTA16,YMR294W,0.5095160765594765
YHRCDELTA16,YMR294W-A,0.2202519468359792
YHRCDELTA16,YMR295C,0.16113421715632542
YHRCDELTA16,YMR296C,-0.1409492186165435
YHRCDELTA16,YMR297W,0.19880885112204325
YHRCDELTA16,YMR255W,0.5733196823649064
YHRCDELTA16,YMR256C,0.5011636025969948
YHRCDELTA16,YMR257C,0.3336266711254016
YHRCDELTA16,YMR258C,0.24240744041530854
YHRCDELTA16,YMR259C,0.14741447511868613
YHRCDELTA16,YMR260C,0.12731798685611392
YHRCDELTA16,YMR261C,0.286019591010499
YHRCDELTA16,YMR262W,0.1882672473043979
YHRCDELTA16,YMR263W,0.13649639767732982
YHRCDELTA16,YMR264W,0.27875193797316183
YHRCDELTA16,YMR265C,-0.10193036931630849
YHRCDELTA16,YMR266W,-0.17640242360991695
YHRCDELTA16,YMR267W,0.34870199122010326
YHRCDELTA16,YMR268C,-0.07947778487456932
YHRCDELTA16,YMR269W,-0.08015645471324112
YHRCDELTA16,YMR270C,0.4592440423024463
YHRCDELTA16,YMR271C,0.4322466374403742
YHRCDELTA16,YMR272C,0.020443070154579673
YHRCDELTA16,YMR273C,0.10840776881955808
YHRCDELTA16,YMR274C,0.17314912547263026
YHRCDELTA16,YMR275C,0.2278337855360136
YHRCDELTA16,YMR276W,0.25094319519853325
YHRCDELTA16,YMR232W,0.24857798933047023
YHRCDELTA16,YMR233W,0.3479958725966563
YHRCDELTA16,YMR234W,0.03839303930539662
YHRCDELTA16,YMR235C,0.0629519676371633
YHRCDELTA16,YMR236W,0.11579901378856626
YHRCDELTA16,YMR237W,0.3593195591112231
YHRCDELTA16,YMR238W,0.18345648256843458
YHRCDELTA16,YMR239C,-0.11226724225551328
YHRCDELTA16,YMR240C,-0.02007866761490272
YHRCDELTA16,YMR241W,-0.018010794566133165
YHRCDELTA16,YMR242C,0.19553162728846596
YHRCDELTA16,YMR243C,-0.14726505806311566
YHRCDELTA16,YMR244W,-0.14678697220634895
YHRCDELTA16,YMR244C-A,0.18953129059197807
YHRCDELTA16,YMR245W,0.05672969450805329
YHRCDELTA16,YMR246W,0.11497384741361051
YHRCDELTA16,YMR247C,0.017271244206905415
YHRCDELTA16,YMR250W,0.23138186574378203
YHRCDELTA16,YMR251W,-0.1121216178767245
YHRCDELTA16,YMR251W-A,0.12301728355851838
YHRCDELTA16,YMR252C,0.06759505015304158
YHRCDELTA16,YMR253C,-0.020019304534583452
YHRCDELTA16,YMR254C,0.1574562618831797
YHRCDELTA16,YMR212C,0.19925443604375523
YHRCDELTA16,YMR213W,-0.018780371167306523
YHRCDELTA16,YMR214W,-0.10070593762821674
YHRCDELTA16,YMR215W,0.07860555554626511
YHRCDELTA16,YMR216C,-0.016302225484845577
YHRCDELTA16,YMR217W,-0.23441262480830938
YHRCDELTA16,YMR218C,0.09826143421511314
YHRCDELTA16,YMR219W,0.20509629737248353
YHRCDELTA16,YMR220W,0.024917878207984447
YHRCDELTA16,YMR221C,-0.06728666703988485
YHRCDELTA16,YMR222C,-0.07109315381175699
YHRCDELTA16,YMR223W,0.424045384741486
YHRCDELTA16,YMR224C,0.2946615190808493
YHRCDELTA16,YMR225C,0.30974700482570305
YHRCDELTA16,YMR226C,0.261320926251288
YHRCDELTA16,YMR227C,0.16358600389949524
YHRCDELTA16,YMR228W,0.30752159993519795
YHRCDELTA16,YMR229C,-0.11650330767901879
YHRCDELTA16,YMR230W,0.10124228696024117
YHRCDELTA16,YMR231W,0.3141753886456151
YHRCDELTA16,YMR191W,0.06281618987609894
YHRCDELTA16,YMR192W,0.356551225279161
YHRCDELTA16,YMR193W,0.30203295093073385
YHRCDELTA16,YMR193C-A,0.04697013449511948
YHRCDELTA16,YMR194W,0.036268983669882716
YHRCDELTA16,YMR195W,0.2049391749454044
YHRCDELTA16,YMR196W,0.2708940016688129
YHRCDELTA16,YMR197C,0.25027807001394037
YHRCDELTA16,YMR198W,0.29784182527109976
YHRCDELTA16,YMR199W,0.21243129299771954
YHRCDELTA16,YMR200W,0.18404609074686332
YHRCDELTA16,YMR201C,0.36888946250854726
YHRCDELTA16,YMR202W,-0.05083665328485334
YHRCDELTA16,YMR203W,0.24918025714878397
YHRCDELTA16,YMR204C,0.30606273425027747
YHRCDELTA16,YMR205C,0.09756480572209288
YHRCDELTA16,YMR206W,0.13111486150878898
YHRCDELTA16,YMR207C,0.3694539428415936
YHRCDELTA16,YMR208W,0.35405029318568954
YHRCDELTA16,YMR209C,0.37535267170468983
YHRCDELTA16,YMR210W,0.23832874252925731
YHRCDELTA16,YMR211W,0.23525597511183308
YHRCDELTA16,YMR171C,0.19785261557989345
YHRCDELTA16,YMR172W,0.3514336863747897
YHRCDELTA16,YMR172C-A,-0.09722055980386259
YHRCDELTA16,YMR173W,0.14126076032388374
YHRCDELTA16,YMR173W-A,-0.08766824703287199
YHRCDELTA16,YMR174C,0.14643211285563537
YHRCDELTA16,YMR175W,0.11584980533988606
YHRCDELTA16,YMR176W,0.4183933520136814
YHRCDELTA16,YMR177W,-0.03906843255593863
YHRCDELTA16,YMR178W,0.48407343819168136
YHRCDELTA16,YMR179W,0.14281535455799862
YHRCDELTA16,YMR180C,0.37943660879304686
YHRCDELTA16,YMR181C,0.10902906563792361
YHRCDELTA16,YMR182C,-0.10789081281738593
YHRCDELTA16,YMR183C,0.1156617591009652
YHRCDELTA16,YMR184W,0.030504086529259917
YHRCDELTA16,YMR185W,0.1658240128190306
YHRCDELTA16,YMR186W,0.08845339728317109
YHRCDELTA16,YMR187C,-0.0647592176373246
YHRCDELTA16,YMR188C,0.2258981590935609
YHRCDELTA16,YMR189W,-0.2942145194301057
YHRCDELTA16,YMR190C,0.2268311350607866
YHRCDELTA16,YMR152W,0.3285855886164325
YHRCDELTA16,YMR153W,0.04751450566546087
YHRCDELTA16,YMR153C-A,0.18079129213589618
YHRCDELTA16,YMR154C,0.13115532921130174
YHRCDELTA16,YMR155W,0.1658957474249442
YHRCDELTA16,YMR156C,0.1096669330659472
YHRCDELTA16,YMR157C,0.20599800255402279
YHRCDELTA16,YMR158W,0.14337446000180135
YHRCDELTA16,YMR158W-A,0.060164326836530654
YHRCDELTA16,YMR159C,0.01943464278119275
YHRCDELTA16,YMR160W,0.13514655887402927
YHRCDELTA16,YMR161W,-0.03246861287914898
YHRCDELTA16,YMR162C,0.2473359021229195
YHRCDELTA16,YMR163C,0.21178026260607943
YHRCDELTA16,YMR164C,0.3480750409147484
YHRCDELTA16,YMR165C,0.29211866003150944
YHRCDELTA16,YMR166C,0.24566687495527367
YHRCDELTA16,YMR167W,0.1496112061073065
YHRCDELTA16,YMR168C,0.3817136101545741
YHRCDELTA16,YMR169C,0.23941835502530748
YHRCDELTA16,YMR170C,0.2609930745226319
YHRCDELTA16,YMR131C,-0.16618572525123276
YHRCDELTA16,YMR132C,0.12404066265506926
YHRCDELTA16,YMR133W,-0.06020402160015475
YHRCDELTA16,YMR134W,0.03839548631391223
YHRCDELTA16,YMR135C,0.38164758121349
YHRCDELTA16,YMR135W-A,0.22147251402683937
YHRCDELTA16,YMR136W,0.3301873820260792
YHRCDELTA16,YMR137C,0.46495758945898924
YHRCDELTA16,YMR138W,0.03872315977362657
YHRCDELTA16,YMR139W,0.25938955108598605
YHRCDELTA16,YMR140W,0.16507531634454758
YHRCDELTA16,YMR141C,0.28530625227867995
YHRCDELTA16,YMR142C,0.06138500865703499
YHRCDELTA16,YMR143W,0.10898221028473205
YHRCDELTA16,YMR144W,0.16091783542118246
YHRCDELTA16,YMR145C,0.00553101884272308
YHRCDELTA16,YMR146C,-0.15450860899498944
YHRCDELTA16,YMR147W,0.1265269080110799
YHRCDELTA16,YMR148W,0.029970331716650013
YHRCDELTA16,YMR149W,0.3058782691572606
YHRCDELTA16,YMR150C,0.4890692591795838
YHRCDELTA16,YMR151W,0.18513022743618618
YHRCDELTA16,YMR111C,0.02793490524720026
YHRCDELTA16,YMR112C,0.4219251320019032
YHRCDELTA16,YMR113W,0.42103548757129217
YHRCDELTA16,YMR114C,0.2666642698052336
YHRCDELTA16,YMR115W,0.3249836208343339
YHRCDELTA16,YMR116C,-0.11664647918941629
YHRCDELTA16,YMR117C,0.05506611067728051
YHRCDELTA16,YMR118C,-0.010929973621055697
YHRCDELTA16,YMR119W,0.2560241319265054
YHRCDELTA16,YMR119W-A,0.4053879166499663
YHRCDELTA16,YMR120C,-0.07322560793072752
YHRCDELTA16,YMR121C,-0.15610752660346652
YHRCDELTA16,YMR122C,0.07618749871182968
YHRCDELTA16,YMR123W,-0.10270869764203427
YHRCDELTA16,YMR124W,0.09477749272421637
YHRCDELTA16,YMR125W,0.1844236135306652
YHRCDELTA16,YMR126C,0.3254820565920613
YHRCDELTA16,YMR127C,0.017475725245027687
YHRCDELTA16,YMR128W,-0.17227584215935274
YHRCDELTA16,YMR129W,-0.042692451494830065
YHRCDELTA16,YMR130W,0.1820680110936965
YHRCDELTA16,YMR088C,0.055736304847055614
YHRCDELTA16,YMR089C,0.3267207081744704
YHRCDELTA16,YMR090W,0.23663674622701714
YHRCDELTA16,YMR091C,0.08415642047326939
YHRCDELTA16,YMR092C,0.3853776305848884
YHRCDELTA16,YMR093W,-0.15280224915165036
YHRCDELTA16,YMR094W,0.1929068139670037
YHRCDELTA16,YMR095C,-0.02999110912190373
YHRCDELTA16,YMR096W,-0.05262360584031099
YHRCDELTA16,YMR097C,0.28444465059462115
YHRCDELTA16,YMR098C,0.13727081256134518
YHRCDELTA16,YMR099C,0.23109535921657784
YHRCDELTA16,YMR100W,0.03329888372062384
YHRCDELTA16,YMR101C,0.11988533613358451
YHRCDELTA16,YMR102C,0.11176124489945716
YHRCDELTA16,YMR103C,0.11243696696620227
YHRCDELTA16,YMR104C,0.15357656485403695
YHRCDELTA16,YMR105C,0.16089732333337456
YHRCDELTA16,YMR106C,0.16324992481286127
YHRCDELTA16,YMR107W,0.18001936299803148
YHRCDELTA16,YMR108W,0.06273713921912447
YHRCDELTA16,YMR109W,0.24739024859507083
YHRCDELTA16,YMR110C,0.17729959457563912
YHRCDELTA16,YMR068W,0.07315138335411978
YHRCDELTA16,YMR069W,-0.11170584608174301
YHRCDELTA16,YMR070W,-0.03595052198563634
YHRCDELTA16,YMR071C,-0.02985929243216677
YHRCDELTA16,YMR072W,0.16970587893284808
YHRCDELTA16,YMR073C,-0.017437735545437746
YHRCDELTA16,YMR074C,0.23501718631050753
YHRCDELTA16,YMR075W,0.19609429995106945
YHRCDELTA16,YMR075C-A,0.5016981525584057
YHRCDELTA16,YMR076C,0.34813845161749424
YHRCDELTA16,YMR077C,0.5882664509677458
YHRCDELTA16,YMR078C,0.2315488845901171
YHRCDELTA16,YMR079W,0.10705730140444518
YHRCDELTA16,YMR080C,0.32304395690387117
YHRCDELTA16,YMR081C,0.22589532716504546
YHRCDELTA16,YMR082C,0.05971850101353398
YHRCDELTA16,YMR083W,0.21059441935063472
YHRCDELTA16,YMR084W,0.23675422901896034
YHRCDELTA16,YMR085W,0.2841550546089094
YHRCDELTA16,YMR086W,0.030767490231185246
YHRCDELTA16,YMR086C-A,0.2227756041661909
YHRCDELTA16,YMR087W,0.27385997414605207
YHRCDELTA16,YMR042W,-0.11975124476469633
YHRCDELTA16,YMR043W,0.26354757744862606
YHRCDELTA16,YMR044W,0.2606355163231412
YHRCDELTA16,YMR047C,0.4019365826080201
YHRCDELTA16,YMR048W,0.23949787938644482
YHRCDELTA16,YMR049C,-0.17548503417776926
YHRCDELTA16,YMR052W,0.3713648026554737
YHRCDELTA16,YMR052C-A,0.2030832808553407
YHRCDELTA16,YMR053C,0.1635078100857394
YHRCDELTA16,YMR054W,0.2175719756520732
YHRCDELTA16,YMR055C,-0.011120939373353463
YHRCDELTA16,YMR056C,0.26079162792100996
YHRCDELTA16,YMR057C,-0.08240241741049259
YHRCDELTA16,YMR058W,0.030610697970626943
YHRCDELTA16,YMR059W,0.12179851681267581
YHRCDELTA16,YMR060C,0.317932589806887
YHRCDELTA16,YMR061W,0.5328833274455962
YHRCDELTA16,YMR062C,0.021595828104589668
YHRCDELTA16,YMR063W,0.22974631535873052
YHRCDELTA16,YMR064W,0.31936560395261415
YHRCDELTA16,YMR065W,0.3387660263220613
YHRCDELTA16,YMR066W,0.06559063414595856
YHRCDELTA16,YMR067C,0.09660270581350949
YHRCDELTA16,YMR021C,0.14470123749172023
YHRCDELTA16,YMR022W,0.22018426560381624
YHRCDELTA16,YMR023C,0.22641152267087641
YHRCDELTA16,YMR024W,0.19554648005889008
YHRCDELTA16,YMR025W,0.42439890402088926
YHRCDELTA16,YMR026C,0.15723795443113164
YHRCDELTA16,YMR027W,0.39173667873266327
YHRCDELTA16,YMR028W,0.17850055616285046
YHRCDELTA16,YMR029C,0.39584421806859926
YHRCDELTA16,YMR030W,0.15536110121033653
YHRCDELTA16,YMR031C,0.20401417821347326
YHRCDELTA16,YMR031W-A,0.24666609566971143
YHRCDELTA16,YMR032W,0.10414442873754255
YHRCDELTA16,YMR033W,0.0853273874385286
YHRCDELTA16,YMR034C,0.016597321822198488
YHRCDELTA16,YMR035W,0.037807649699504634
YHRCDELTA16,YMR036C,0.15413297184907246
YHRCDELTA16,YMR037C,-0.03731091678642218
YHRCDELTA16,YMR038C,-0.2139739890934656
YHRCDELTA16,YMR039C,-0.06934122166719071
YHRCDELTA16,YMR040W,0.5010294290319585
YHRCDELTA16,YMR041C,0.32401794374733656
YHRCDELTA16,YML003W,-0.09339968481748999
YHRCDELTA16,YML002W,0.3165394241101938
YHRCDELTA16,YML001W,0.36892036466733175
YHRCDELTA16,YMR001C,0.15969565916486703
YHRCDELTA16,YMR002W,0.11915790529796716
YHRCDELTA16,YMR003W,0.13341490716710713
YHRCDELTA16,YMR004W,0.028766360239796857
YHRCDELTA16,YMR005W,-0.04303506781252069
YHRCDELTA16,YMR006C,0.17291939812587978
YHRCDELTA16,YMR007W,0.21694558434971423
YHRCDELTA16,YMR008C,0.005962843914984868
YHRCDELTA16,YMR009W,0.1259115973129702
YHRCDELTA16,YMR010W,0.07556193501861164
YHRCDELTA16,YMR011W,-0.10495602247102946
YHRCDELTA16,YMR012W,0.24800601935350983
YHRCDELTA16,YMR013C,0.28920248890287376
YHRCDELTA16,YMR014W,-0.07968786440833679
YHRCDELTA16,YMR015C,0.015053352021580141
YHRCDELTA16,YMR016C,-0.07902668375080991
YHRCDELTA16,YMR017W,0.2613384347524622
YHRCDELTA16,YMR018W,0.2969916327583332
YHRCDELTA16,YMR019W,0.22178042824440355
YHRCDELTA16,YMR020W,0.18341955377170804
YHRCDELTA16,YML021C,-0.09577163463152162
YHRCDELTA16,YML020W,0.500861236089679
YHRCDELTA16,YML019W,0.29952802331100414
YHRCDELTA16,YML018C,-0.12456761146804524
YHRCDELTA16,YML017W,0.32686981305875845
YHRCDELTA16,YML016C,0.440196367973087
YHRCDELTA16,YML015C,0.05018386047509797
YHRCDELTA16,YML014W,-0.1285042180031309
YHRCDELTA16,YML013W,0.18842771472199257
YHRCDELTA16,YML013C-A,0.056228190474986575
YHRCDELTA16,YML012W,0.2744191022503282
YHRCDELTA16,YML011C,0.14880830907723322
YHRCDELTA16,YML010W,-0.012901291598784097
YHRCDELTA16,YML010W-A,0.3507579150347859
YHRCDELTA16,YML010C-B,-0.02142505234376472
YHRCDELTA16,YML009C,0.29969571886057966
YHRCDELTA16,YML008C,0.17792412105589836
YHRCDELTA16,YML007W,0.3314849125569089
YHRCDELTA16,YML006C,-0.08080082086377473
YHRCDELTA16,YML005W,0.03665037034634335
YHRCDELTA16,YML004C,0.24809976299417832
YHRCDELTA16,YML046W,0.13149392853976313
YHRCDELTA16,YML043C,-0.15599577826390304
YHRCDELTA16,YML042W,0.22288983746530514
YHRCDELTA16,YML041C,0.08607564371734781
YHRCDELTA16,YML038C,0.3180904524440642
YHRCDELTA16,YML037C,0.03917561986397963
YHRCDELTA16,YML036W,0.22249788215972033
YHRCDELTA16,YML035C,0.04599030679432067
YHRCDELTA16,YML035C-A,0.32049131637826705
YHRCDELTA16,YML034W,0.16362965795880136
YHRCDELTA16,YML033W,0.4011174558254373
YHRCDELTA16,YML032C,-0.03211314643371233
YHRCDELTA16,YML032C-A,0.11657388930332226
YHRCDELTA16,YML031W,0.12589893053317142
YHRCDELTA16,YML030W,0.3644959718567319
YHRCDELTA16,YML029W,-0.15798671443901163
YHRCDELTA16,YML028W,0.2575221677240229
YHRCDELTA16,YML027W,0.07211880885245654
YHRCDELTA16,YML026C,-0.12713426937561897
YHRCDELTA16,YML025C,0.16022054794397508
YHRCDELTA16,YML024W,0.020586622280145742
YHRCDELTA16,YML023C,0.010624485185601298
YHRCDELTA16,YML022W,-0.1217460929085659
YHRCDELTA16,YML065W,0.2319722106850143
YHRCDELTA16,YML064C,0.016015639938765674
YHRCDELTA16,YML063W,0.019576172366983693
YHRCDELTA16,YML062C,0.17085025866023054
YHRCDELTA16,YML061C,0.16534919538115891
YHRCDELTA16,YML060W,-0.11205914702843583
YHRCDELTA16,YML059C,0.0726427852288216
YHRCDELTA16,YML058W,0.0222261077835737
YHRCDELTA16,YML058C-A,0.07646202550214988
YHRCDELTA16,YML057W,0.135416762916666
YHRCDELTA16,YML056C,-0.18143457307140856
YHRCDELTA16,YML055W,-0.09341430679711518
YHRCDELTA16,YML054C,0.18428261881997926
YHRCDELTA16,YML053C,0.42600112735550705
YHRCDELTA16,YML052W,0.1818829341946524
YHRCDELTA16,YML051W,0.4530547309402183
YHRCDELTA16,YML050W,0.35364694314706535
YHRCDELTA16,YML049C,0.4008745390814631
YHRCDELTA16,YML048W,0.2962558363347878
YHRCDELTA16,YML048W-A,0.021752353065912583
YHRCDELTA16,YML047C,0.4173619982010871
YHRCDELTA16,YML088W,-0.29642708865844936
YHRCDELTA16,YML087C,-0.00023546185267228452
YHRCDELTA16,YML086C,0.06930443376025029
YHRCDELTA16,YML085C,0.39608342833412563
YHRCDELTA16,YML084W,0.1289569380077041
YHRCDELTA16,YML083C,0.3307241124423882
YHRCDELTA16,YML082W,-0.11252946822607741
YHRCDELTA16,YML081W,0.09371793021334089
YHRCDELTA16,YML080W,-0.0953343972577163
YHRCDELTA16,YML079W,0.4646438193162501
YHRCDELTA16,YML078W,0.3105052805651164
YHRCDELTA16,YML077W,0.019287638034740557
YHRCDELTA16,YML076C,0.15045750053841367
YHRCDELTA16,YML075C,0.14334520818436067
YHRCDELTA16,YML074C,-0.07711412467452355
YHRCDELTA16,YML073C,-0.024518562801667948
YHRCDELTA16,YML072C,0.1913338414591005
YHRCDELTA16,YML071C,-0.13378623768926018
YHRCDELTA16,YML070W,0.2803082228779255
YHRCDELTA16,YML069W,0.34532345802322656
YHRCDELTA16,YML068W,0.3705972904382829
YHRCDELTA16,YML067C,0.13956793443181714
YHRCDELTA16,YML066C,0.05051059884737455
YHRCDELTA16,YML108W,0.06408670616891128
YHRCDELTA16,YML107C,0.12175832874522867
YHRCDELTA16,YML106W,-0.02233963680563699
YHRCDELTA16,YML105C,0.10000345321078652
YHRCDELTA16,YML104C,0.4797912513154658
YHRCDELTA16,YML103C,0.4066267284237505
YHRCDELTA16,YML102W,-0.01516813673689798
YHRCDELTA16,YML102C-A,-0.038262285852827455
YHRCDELTA16,YML101C,0.2590742475798531
YHRCDELTA16,YML100W,0.21262864272735205
YHRCDELTA16,YML100W-A,-0.11924856770738754
YHRCDELTA16,YML099C,-0.10856824100063833
YHRCDELTA16,YML098W,-0.014415498926220054
YHRCDELTA16,YML097C,0.010795150985184618
YHRCDELTA16,YML096W,0.0015055112035186069
YHRCDELTA16,YML095C,0.2111274118606335
YHRCDELTA16,YML095C-A,-0.0016571634559924156
YHRCDELTA16,YML094W,-0.11662089646006515
YHRCDELTA16,YML093W,-0.15546030038619238
YHRCDELTA16,YML092C,0.07142155310969656
YHRCDELTA16,YML091C,0.09000450349885213
YHRCDELTA16,YML090W,0.0892903921027777
YHRCDELTA16,YML089C,0.0938935530459052
YHRCDELTA16,YML128C,0.1510251285565489
YHRCDELTA16,YML127W,0.0016676470856052778
YHRCDELTA16,YML126C,0.12145850782172897
YHRCDELTA16,YML125C,-0.11770459321165556
YHRCDELTA16,YML124C,0.17201572179916047
YHRCDELTA16,YML123C,-0.09022563123853199
YHRCDELTA16,YML122C,0.07972842253752707
YHRCDELTA16,YML121W,-0.1547842296692559
YHRCDELTA16,YML120C,0.08580233312263
YHRCDELTA16,YML119W,0.18989362379710717
YHRCDELTA16,YML118W,0.0824498081528497
YHRCDELTA16,YML117W,0.02207303761216779
YHRCDELTA16,YML117W-A,0.13180400570249534
YHRCDELTA16,YML116W,-0.1877445048798353
YHRCDELTA16,YML115C,0.11855960166862896
YHRCDELTA16,YML114C,0.14596053660325314
YHRCDELTA16,YML113W,-0.09786456851056201
YHRCDELTA16,YML112W,0.11341633728671636
YHRCDELTA16,YML111W,0.2785056272493728
YHRCDELTA16,YML110C,0.31940472710984613
YHRCDELTA16,YML109W,0.19134888485538964
YHRCDELTA16,CEN12,0.07145110145658778
YHRCDELTA16,SNR79,0.2084168502974884
YHRCDELTA16,SNR6,0.3195135708744136
YHRCDELTA16,SNR61,0.03148857160027691
YHRCDELTA16,SNR55,0.09648184387015848
YHRCDELTA16,SNR57,0.1253714161350675
YHRCDELTA16,SNR44,-0.1790797490144493
YHRCDELTA16,SNR34,0.34422901365671654
YHRCDELTA16,YML133C,-0.11201896482026198
YHRCDELTA16,YML131W,0.2694013308897321
YHRCDELTA16,YML130C,-0.1327887898492387
YHRCDELTA16,YML129C,0.2838553694861161
YHRCDELTA16,YLR446W,0.17625602164286913
YHRCDELTA16,YLR447C,0.3634864123795104
YHRCDELTA16,YLR448W,-0.18021634700923578
YHRCDELTA16,YLR449W,-0.1856163996898485
YHRCDELTA16,YLR450W,0.0327505590260972
YHRCDELTA16,YLR451W,-0.08660571213298747
YHRCDELTA16,YLR452C,0.4649809947872373
YHRCDELTA16,YLR453C,0.291547252658486
YHRCDELTA16,YLR454W,0.405572597259138
YHRCDELTA16,YLR455W,0.28086701386744195
YHRCDELTA16,YLR456W,0.5675912380350581
YHRCDELTA16,YLR457C,0.38409816728766444
YHRCDELTA16,YLR458W,0.33511899872686685
YHRCDELTA16,YLR459W,0.4722224394152154
YHRCDELTA16,YLR460C,0.21553025088815791
YHRCDELTA16,YLR461W,0.3898196603971277
YHRCDELTA16,YLR465C,0.35393468198975586
YHRCDELTA16,YLL018C-A,-0.04445508378655573
YHRCDELTA16,YLR264c-a,0.0444474961828739
YHRCDELTA16,YLR312W-A,0.22954441380186302
YHRCDELTA16,YLR427W,0.25178914262149793
YHRCDELTA16,YLR428C,0.09687210463806903
YHRCDELTA16,YLR429W,0.234072474010411
YHRCDELTA16,YLR430W,-0.01167195127884569
YHRCDELTA16,YLR431C,0.16619354664150027
YHRCDELTA16,YLR432W,-0.16399217771116575
YHRCDELTA16,YLR433C,0.3716451388334911
YHRCDELTA16,YLR434C,-0.04597402171656731
YHRCDELTA16,YLR435W,-0.08070942090200009
YHRCDELTA16,YLR436C,0.3633294788266465
YHRCDELTA16,YLR437C,0.03220924278755568
YHRCDELTA16,YLR438W,0.09470502187543545
YHRCDELTA16,YLR438C-A,0.052022977790832044
YHRCDELTA16,YLR439W,0.12102096500106352
YHRCDELTA16,YLR440C,0.026885958577144688
YHRCDELTA16,YLR441C,-0.07820213514300639
YHRCDELTA16,YLR442C,0.14991561225009153
YHRCDELTA16,YLR443W,0.10793202166279109
YHRCDELTA16,YLR444C,0.014498040625947945
YHRCDELTA16,YLR445W,0.04423046447728899
YHRCDELTA16,YLR406C,-0.11156224203318789
YHRCDELTA16,YLR407W,-0.14030518270324038
YHRCDELTA16,YLR408C,0.3535358634505296
YHRCDELTA16,YLR409C,-0.07967732531512783
YHRCDELTA16,YLR410W,0.12135728851220927
YHRCDELTA16,YLR411W,0.47657601397888255
YHRCDELTA16,YLR412W,-0.10561318174638154
YHRCDELTA16,YLR413W,-0.10680294519133768
YHRCDELTA16,YLR414C,0.17979189904933116
YHRCDELTA16,YLR415C,0.0476664602545009
YHRCDELTA16,YLR416C,0.16827582478371975
YHRCDELTA16,YLR417W,0.255740726258045
YHRCDELTA16,YLR418C,-0.06834261201788629
YHRCDELTA16,YLR419W,-0.060140358017818224
YHRCDELTA16,YLR420W,-0.25589706565257847
YHRCDELTA16,YLR421C,0.17597744256099676
YHRCDELTA16,YLR422W,0.2935671508930457
YHRCDELTA16,YLR423C,0.5290547575940803
YHRCDELTA16,YLR424W,0.6322137056563212
YHRCDELTA16,YLR425W,0.37898776929875055
YHRCDELTA16,YLR426W,0.3147890685612918
YHRCDELTA16,YLR383W,0.2353734729163602
YHRCDELTA16,YLR384C,-0.10945884413857129
YHRCDELTA16,YLR385C,-0.03999398904140459
YHRCDELTA16,YLR386W,0.10835946944518694
YHRCDELTA16,YLR387C,-0.04798347133714599
YHRCDELTA16,YLR388W,-0.1552851686145826
YHRCDELTA16,YLR389C,-0.083325491514552
YHRCDELTA16,YLR390W,0.24081328264205729
YHRCDELTA16,YLR391W-A,0.13080302685854459
YHRCDELTA16,YLR392C,0.518566238550888
YHRCDELTA16,YLR393W,0.26039047721785646
YHRCDELTA16,YLR394W,0.24917625030370438
YHRCDELTA16,YLR395C,0.39956507324061374
YHRCDELTA16,YLR396C,0.3025599030084255
YHRCDELTA16,YLR397C,-0.05231966719896129
YHRCDELTA16,YLR398C,0.050089225780937
YHRCDELTA16,YLR399C,0.15212357005565186
YHRCDELTA16,YLR400W,-0.05607420580216531
YHRCDELTA16,YLR401C,-0.1596198847890715
YHRCDELTA16,YLR402W,0.059415803288169936
YHRCDELTA16,YLR403W,-0.004643855021747339
YHRCDELTA16,YLR404W,0.2817748420601137
YHRCDELTA16,YLR405W,-0.10295143678363369
YHRCDELTA16,YLR362W,0.3372677787712669
YHRCDELTA16,YLR363C,0.3483642792212615
YHRCDELTA16,YLR364W,0.006264198689624739
YHRCDELTA16,YLR365W,-0.014759895735545496
YHRCDELTA16,YLR366W,0.23998185645825318
YHRCDELTA16,YLR367W,-0.06824557669892824
YHRCDELTA16,YLR368W,0.34439878692742837
YHRCDELTA16,YLR369W,0.4520624783892389
YHRCDELTA16,YLR370C,0.3556220311605414
YHRCDELTA16,YLR371W,0.26396087231388177
YHRCDELTA16,YLR372W,-0.041459684548222867
YHRCDELTA16,YLR373C,0.331390666370912
YHRCDELTA16,YLR374C,-0.033460176118743204
YHRCDELTA16,YLR375W,0.05499726148630011
YHRCDELTA16,YLR376C,0.25747157492683814
YHRCDELTA16,YLR377C,0.20328358781738934
YHRCDELTA16,YLR378C,0.2301023708100276
YHRCDELTA16,YLR379W,-0.09803056099615531
YHRCDELTA16,YLR380W,-0.01731129555722104
YHRCDELTA16,YLR381W,0.22370319764196014
YHRCDELTA16,YLR382C,0.19527140037522273
YHRCDELTA16,YLR340W,-0.08681279484502041
YHRCDELTA16,YLR341W,0.05721976076219118
YHRCDELTA16,YLR342W,-0.052336266546750644
YHRCDELTA16,YLR343W,0.1943954327447875
YHRCDELTA16,YLR344W,-0.013852404772759858
YHRCDELTA16,YLR345W,0.17043848477103385
YHRCDELTA16,YLR346C,0.07141549736081973
YHRCDELTA16,YLR347C,-0.11139068814965404
YHRCDELTA16,YLR348C,0.1445593089122323
YHRCDELTA16,YLR349W,0.0660498024869748
YHRCDELTA16,YLR350W,0.07167838649529933
YHRCDELTA16,YLR351C,0.24856460407833886
YHRCDELTA16,YLR352W,0.12013663120465186
YHRCDELTA16,YLR353W,0.15488667723616126
YHRCDELTA16,YLR354C,0.31232595132015917
YHRCDELTA16,YLR355C,-0.19284608823544566
YHRCDELTA16,YLR356W,-0.017191833269635262
YHRCDELTA16,YLR358C,-0.15672321961001415
YHRCDELTA16,YLR357W,-0.022924573377672453
YHRCDELTA16,YLR359W,-0.013632455037108387
YHRCDELTA16,YLR360W,0.4782052646093667
YHRCDELTA16,YLR361C,0.5077235690907179
YHRCDELTA16,YLR317W,0.13073454677489266
YHRCDELTA16,YLR318W,0.13338101422452492
YHRCDELTA16,YLR319C,0.05416326407845478
YHRCDELTA16,YLR320W,0.13364561213982604
YHRCDELTA16,YLR321C,-0.19959681358552656
YHRCDELTA16,YLR322W,0.02944170832827921
YHRCDELTA16,YLR323C,-0.22185861894890851
YHRCDELTA16,YLR324W,-0.035634116042883274
YHRCDELTA16,YLR325C,-0.08919861247438488
YHRCDELTA16,YLR326W,0.10680516647255339
YHRCDELTA16,YLR327C,0.42117047830685567
YHRCDELTA16,YLR328W,0.24018722696548034
YHRCDELTA16,YLR329W,0.35529082808366397
YHRCDELTA16,YLR330W,0.3843910593465434
YHRCDELTA16,Z75578,0.30117949724072296
YHRCDELTA16,Z73326,0.14014520322663798
YHRCDELTA16,J04423,0.11873713920554357
YHRCDELTA16,X03453,0.030314444493928436
YHRCDELTA16,L38424,0.046066235190910534
YHRCDELTA16,X17013,0.18359096144179632
YHRCDELTA16,M83649,-0.013466476990267076
YHRCDELTA16,M37897,0.0912816968121847
YHRCDELTA16,M16762,-0.13555746761383394
YHRCDELTA16,M25892,0.04352600630691351
YHRCDELTA16,M24537,-0.0035645627875446296
YHRCDELTA16,X04603,0.06214873149221847
YHRCDELTA16,K01391,0.2579985426149452
YHRCDELTA16,X61388,0.1816919993711684
YHRCDELTA16,U18530,0.17535793043654785
YHRCDELTA16,K02207,-0.013060679566257507
YHRCDELTA16,M23316,0.23324777037948546
YHRCDELTA16,L12026,0.4078397873155966
YHRCDELTA16,X16860,0.118315966694427
YHRCDELTA16,V01288,0.13083320482523444
